0.00000000099999999979 0.00000000099999999979 0.00000000099999999979 0.99999998900000020008 0.00000000099999999979 0.00000000099999999979 0.00000000099999999979 0.00000000099999999979 0.00000000099999999979 0.00000000099999999979 0.00000000099999999979 0.00000000099999999979 
0.00000000099999999990 0.00000000099999999990 0.37964030210525812059 0.31426271046615994464 0.00000000099999999990 0.00000000099999999990 0.00000000099999999990 0.00000000099999999990 0.00000000099999999990 0.00000000099999999990 0.00000000099999999990 0.30609697842858207828 
0.00000000099999999988 0.00000000099999999988 0.55625148794301526589 0.44374850205698485039 0.00000000099999999988 0.00000000099999999988 0.00000000099999999988 0.00000000099999999988 0.00000000099999999988 0.00000000099999999988 0.00000000099999999988 0.00000000099999999988 
0.00000000099999999978 0.00000000099999999978 0.99999998900000020008 0.00000000099999999978 0.00000000099999999978 0.00000000099999999978 0.00000000099999999978 0.00000000099999999978 0.00000000099999999978 0.00000000099999999978 0.00000000099999999978 0.00000000099999999978 
0.00000000099999999981 0.00000000099999999981 0.00000000099999999981 0.99999998900000008906 0.00000000099999999981 0.00000000099999999981 0.00000000099999999981 0.00000000099999999981 0.00000000099999999981 0.00000000099999999981 0.00000000099999999981 0.00000000099999999981 
0.00000000099999999991 0.00000000099999999991 0.27978353622942681023 0.58321712792959978788 0.00000000099999999991 0.00000000099999999991 0.00000008057374631448 0.00000000099999999991 0.00000000099999999991 0.00000000099999999991 0.00000000099999999991 0.13699924726722728652 
0.00000000099999999990 0.00000000099999999990 0.25358727103373568390 0.32009019609777905613 0.00000000099999999990 0.00000000099999999990 0.35754278715055864968 0.00000000099999999990 0.00000000099999999990 0.00000000099999999990 0.00000000099999999990 0.06877973771792676716 
0.00000000099999999991 0.00000000099999999991 0.47989531031363541480 0.37781002569501892507 0.00000000099999999991 0.00000000099999999991 0.00000000099999999991 0.00000000099999999991 0.00000000099999999991 0.00000000099999999991 0.00000000099999999991 0.14229465499134597017 
0.00000000099999999988 0.00000000099999999988 0.00000000099999999988 0.55975440083813454706 0.00000000099999999988 0.00000000099999999988 0.44024558916186562474 0.00000000099999999988 0.00000000099999999988 0.00000000099999999988 0.00000000099999999988 0.00000000099999999988 
0.00000000099999999991 0.00000000099999999991 0.00000015321392526523 0.59638111256423032014 0.00000000099999999991 0.00000000099999999991 0.25667699732720289374 0.00000000099999999991 0.00000000099999999991 0.00000000099999999991 0.00000000099999999991 0.14694172889464174325 
0.00000000099999999970 0.00000000099999999970 0.00000000099999999970 0.00000000099999999970 0.00000000099999999970 0.00000000099999999970 0.99999998900000008906 0.00000000099999999970 0.00000000099999999970 0.00000000099999999970 0.00000000099999999970 0.00000000099999999970 
0.00000000099999999979 0.00000000099999999979 0.00000000099999999979 0.99999998900000020008 0.00000000099999999979 0.00000000099999999979 0.00000000099999999979 0.00000000099999999979 0.00000000099999999979 0.00000000099999999979 0.00000000099999999979 0.00000000099999999979 
0.00000000099999999991 0.00000000099999999991 0.62076126351722782371 0.33572561689701357901 0.00000000099999999991 0.00000000099999999991 0.00000017529790803873 0.00000000099999999991 0.00000000099999999991 0.00000000099999999991 0.00000000099999999991 0.04351293628785057876 
0.00000000099999999977 0.00000000099999999977 0.99999998900000008906 0.00000000099999999977 0.00000000099999999977 0.00000000099999999977 0.00000000099999999977 0.00000000099999999977 0.00000000099999999977 0.00000000099999999977 0.00000000099999999977 0.00000000099999999977 
0.00000000099999999983 0.00000000099999999983 0.72289939320378049370 0.00000000099999999983 0.00000000099999999983 0.00000000099999999983 0.00000000099999999983 0.00000000099999999983 0.00000000099999999983 0.00000000099999999983 0.00000000099999999983 0.27710059679621962259 
0.00000000099999999970 0.00000000099999999970 0.00000000099999999970 0.00000000099999999970 0.00000000099999999970 0.00000000099999999970 0.99999998899999997803 0.00000000099999999970 0.00000000099999999970 0.00000000099999999970 0.00000000099999999970 0.00000000099999999970 
0.00000000099999999981 0.00000000099999999981 0.99999998900000008906 0.00000000099999999981 0.00000000099999999981 0.00000000099999999981 0.00000000099999999981 0.00000000099999999981 0.00000000099999999981 0.00000000099999999981 0.00000000099999999981 0.00000000099999999981 
0.00000000099999999992 0.00000000099999999992 0.33141302397570393534 0.50919389982593299404 0.00000000099999999992 0.00000000099999999992 0.10084087331038482649 0.00000000099999999992 0.00000000099999999992 0.00000000099999999992 0.00000000099999999992 0.05855219488797829691 
0.00000000099999999978 0.00000000099999999978 0.99999998900000008906 0.00000000099999999978 0.00000000099999999978 0.00000000099999999978 0.00000000099999999978 0.00000000099999999978 0.00000000099999999978 0.00000000099999999978 0.00000000099999999978 0.00000000099999999978 
0.00000000099999999991 0.00000000099999999991 0.40415069428638600302 0.33774458579052618612 0.00000000099999999991 0.00000000099999999991 0.25439106491285651268 0.00000000099999999991 0.00000000099999999991 0.00000000099999999991 0.00000000099999999991 0.00371364701023159556 
0.00000000099999999996 0.00000000099999999996 0.55083488199039154498 0.44862853957726900322 0.00000000099999999996 0.00000000099999999996 0.00000173961847335548 0.00000000099999999996 0.00000000099999999996 0.00000000099999999996 0.00000000099999999996 0.00053483081386617533 
0.00000000099999999977 0.00000000099999999977 0.99999998900000008906 0.00000000099999999977 0.00000000099999999977 0.00000000099999999977 0.00000000099999999977 0.00000000099999999977 0.00000000099999999977 0.00000000099999999977 0.00000000099999999977 0.00000000099999999977 
0.00000000099999999996 0.00000000099999999996 0.00053836424209633251 0.49931965946634798703 0.00000000099999999996 0.00000000099999999996 0.35312805248029066618 0.00000000099999999996 0.00000000099999999996 0.00000000099999999996 0.00000000099999999996 0.14701391581126496688 
0.00000000099999999989 0.00000000099999999989 0.26533200061278094939 0.37872854777985154318 0.00000000099999999989 0.00000000099999999989 0.35593933228798879664 0.00000000099999999989 0.00000000099999999989 0.00000000099999999989 0.00000000099999999989 0.00000011131937883330 
0.00000000099999999981 0.00000000099999999981 0.99999998900000008906 0.00000000099999999981 0.00000000099999999981 0.00000000099999999981 0.00000000099999999981 0.00000000099999999981 0.00000000099999999981 0.00000000099999999981 0.00000000099999999981 0.00000000099999999981 
0.00000000099999999995 0.00000000099999999995 0.20797013974334990771 0.35442685300644843904 0.00000000099999999995 0.00000000099999999995 0.29371865295392735051 0.00000000099999999995 0.00000000099999999995 0.00000000099999999995 0.00000000099999999995 0.14388434629627444572 
0.00000000099999999985 0.00000000099999999985 0.00000000099999999985 0.65967823513899370713 0.00000000099999999985 0.00000000099999999985 0.34032175486100629813 0.00000000099999999985 0.00000000099999999985 0.00000000099999999985 0.00000000099999999985 0.00000000099999999985 
0.00000000099999999971 0.00000000099999999971 0.00000000099999999971 0.00000000099999999971 0.00000000099999999971 0.00000000099999999971 0.99999998900000008906 0.00000000099999999971 0.00000000099999999971 0.00000000099999999971 0.00000000099999999971 0.00000000099999999971 
0.00000000099999999996 0.00000000099999999996 0.26086968307509916798 0.38095304885116332283 0.00000000099999999996 0.00000000099999999996 0.35792183468356086884 0.00000000099999999996 0.00000000099999999996 0.00000000099999999996 0.00000000099999999996 0.00025542539017688905 
0.00000000099999999993 0.00000000099999999993 0.49631127365551586106 0.27308990365551699675 0.00000000099999999993 0.00000000099999999993 0.16325420692277692325 0.00000000099999999993 0.00000000099999999993 0.00000000099999999993 0.00000000099999999993 0.06734460776619022315 
0.00000000099999999978 0.00000000099999999978 0.99999998900000020008 0.00000000099999999978 0.00000000099999999978 0.00000000099999999978 0.00000000099999999978 0.00000000099999999978 0.00000000099999999978 0.00000000099999999978 0.00000000099999999978 0.00000000099999999978 
0.00000000099999999979 0.00000000099999999979 0.99999998900000020008 0.00000000099999999979 0.00000000099999999979 0.00000000099999999979 0.00000000099999999979 0.00000000099999999979 0.00000000099999999979 0.00000000099999999979 0.00000000099999999979 0.00000000099999999979 
0.00000000099999999973 0.00000000099999999973 0.00000000099999999973 0.00000000099999999973 0.00000000099999999973 0.00000000099999999973 0.99999998900000008906 0.00000000099999999973 0.00000000099999999973 0.00000000099999999973 0.00000000099999999973 0.00000000099999999973 
0.00000000099999999997 0.00000000099999999997 0.50016617047440736776 0.49847969633650862642 0.00000000099999999997 0.00000000099999999997 0.00010866751302444826 0.00000000099999999997 0.00000000099999999997 0.00000000099999999997 0.00000000099999999997 0.00124545767605957979 
0.00000000099999999980 0.00000000099999999980 0.99999998900000008906 0.00000000099999999980 0.00000000099999999980 0.00000000099999999980 0.00000000099999999980 0.00000000099999999980 0.00000000099999999980 0.00000000099999999980 0.00000000099999999980 0.00000000099999999980 
0.00000000099999999980 0.00000000099999999980 0.00000000099999999980 0.99999998900000020008 0.00000000099999999980 0.00000000099999999980 0.00000000099999999980 0.00000000099999999980 0.00000000099999999980 0.00000000099999999980 0.00000000099999999980 0.00000000099999999980 
0.00000000099999999986 0.00000000099999999986 0.00171437313820764492 0.38250154749233267193 0.00000000099999999986 0.00000000099999999986 0.30118171401154852918 0.00000000099999999986 0.00000000099999999986 0.00000000099999999986 0.00000000099999999986 0.31460235735791119982 
0.00000000099999999978 0.00000000099999999978 0.99999998900000008906 0.00000000099999999978 0.00000000099999999978 0.00000000099999999978 0.00000000099999999978 0.00000000099999999978 0.00000000099999999978 0.00000000099999999978 0.00000000099999999978 0.00000000099999999978 
0.00000000099999999986 0.00000000099999999986 0.00000000099999999986 0.48481529159388847550 0.00000000099999999986 0.00000000099999999986 0.51518469840611158528 0.00000000099999999986 0.00000000099999999986 0.00000000099999999986 0.00000000099999999986 0.00000000099999999986 
0.00000000099999999967 0.00000000099999999967 0.00000000099999999967 0.00000000099999999967 0.00000000099999999967 0.00000000099999999967 0.00000000099999999967 0.00000000099999999967 0.00000000099999999967 0.00000000099999999967 0.00000000099999999967 0.99999998900000008906 
0.00000000099999999987 0.00000000099999999987 0.71259063032545544303 0.00000000099999999987 0.00000000099999999987 0.00000000099999999987 0.00000000099999999987 0.00000000099999999987 0.00000000099999999987 0.00000000099999999987 0.00000000099999999987 0.28740935967454483979 
0.00000000100000000000 0.00312584838705596202 0.22457800316510065364 0.27060323514846462700 0.00000000100000000000 0.01263623708392859826 0.00554232554982797641 0.00018805624985039512 0.00000264219827365042 0.00000000100000000000 0.00000010111444103608 0.48332354810305705461 
0.00000000099999999992 0.00000000099999999992 0.52667083554071569829 0.47002874253676441008 0.00000000099999999992 0.00000000099999999992 0.00178894969306579808 0.00000000099999999992 0.00000000099999999992 0.00000000099999999992 0.00000000099999999992 0.00151146422945422246 
0.00000000099999999985 0.00000000099999999985 0.00000000099999999985 0.99999998900000020008 0.00000000099999999985 0.00000000099999999985 0.00000000099999999985 0.00000000099999999985 0.00000000099999999985 0.00000000099999999985 0.00000000099999999985 0.00000000099999999985 
0.00000000099999999977 0.00000000099999999977 0.00000000099999999977 0.99999998900000020008 0.00000000099999999977 0.00000000099999999977 0.00000000099999999977 0.00000000099999999977 0.00000000099999999977 0.00000000099999999977 0.00000000099999999977 0.00000000099999999977 
0.00000000099999999985 0.00000000099999999985 0.00000000099999999985 0.81458241074843995566 0.00000000099999999985 0.00000000099999999985 0.00000000099999999985 0.00000000099999999985 0.00000000099999999985 0.00000000099999999985 0.00000000099999999985 0.18541757925156018838 
0.00000000099999999981 0.00000000099999999981 0.00000000099999999981 0.99999998900000020008 0.00000000099999999981 0.00000000099999999981 0.00000000099999999981 0.00000000099999999981 0.00000000099999999981 0.00000000099999999981 0.00000000099999999981 0.00000000099999999981 
0.00000000099999999991 0.00000000099999999991 0.25614026447891119487 0.39496084164754641233 0.00000000099999999991 0.00000000099999999991 0.34731032002757322719 0.00000000099999999991 0.00000000099999999991 0.00000000099999999991 0.00000000099999999991 0.00158856584596947319 
0.00000000099999999988 0.00000000099999999988 0.00000000099999999988 0.74159799184275099204 0.00000000099999999988 0.00000000099999999988 0.00000000099999999988 0.00000000099999999988 0.00000000099999999988 0.00000000099999999988 0.00000000099999999988 0.25840199815724912424 
0.00000000099999999991 0.00000000099999999991 0.53079533155396796396 0.42105828538753464763 0.00000000099999999991 0.00000000099999999991 0.00000000099999999991 0.00000000099999999991 0.00000000099999999991 0.00000000099999999991 0.00000000099999999991 0.04814637405849751806 
0.00420090421559226115 0.00000000099999999999 0.72173274946249521555 0.25293297455061436452 0.00000000099999999999 0.00846530077473814195 0.00002391991085542142 0.00000000099999999999 0.00000000099999999999 0.00000000099999999999 0.00008136979223223008 0.01256277629347225290 
0.00000000099999999981 0.67778691626681553117 0.00000000099999999981 0.00000000099999999981 0.00000000099999999981 0.05446519674092134555 0.00000000099999999981 0.00000000099999999981 0.00000000099999999981 0.00000000099999999981 0.26774787799226329454 0.00000000099999999981 
0.00000000099999999983 0.65340733068252510041 0.00000000099999999983 0.00000000099999999983 0.00000000099999999983 0.06667320119177859439 0.00000000099999999983 0.00000000099999999983 0.00000000099999999983 0.00000000099999999983 0.27991945912569643484 0.00000000099999999983 
0.00000000099999999983 0.62914841019092659913 0.00000000099999999983 0.00000000099999999983 0.00000000099999999983 0.07201455665687848950 0.00000000099999999983 0.00000000099999999983 0.00000000099999999983 0.00000000099999999983 0.29883702415219520754 0.00000000099999999983 
0.00000000099999999985 0.63504120334791769320 0.00000000099999999985 0.00000000099999999985 0.00000000099999999985 0.09704417193418853060 0.00000000099999999985 0.00000000099999999985 0.00000000099999999985 0.00000000099999999985 0.26791461571789393359 0.00000000099999999985 
0.00000000099999999983 0.66493885299863886296 0.00000000099999999983 0.00000000099999999983 0.00000000099999999983 0.05530764838271357703 0.00000000099999999983 0.00000000099999999983 0.00000000099999999983 0.00000000099999999983 0.27975348961864765496 0.00000000099999999983 
0.00000000099999999934 0.00000000099999999934 0.00000000099999999934 0.00000000099999999934 0.99999998900000008906 0.00000000099999999934 0.00000000099999999934 0.00000000099999999934 0.00000000099999999934 0.00000000099999999934 0.00000000099999999934 0.00000000099999999934 
0.00000000099999999934 0.00000000099999999934 0.00000000099999999934 0.00000000099999999934 0.99999998900000008906 0.00000000099999999934 0.00000000099999999934 0.00000000099999999934 0.00000000099999999934 0.00000000099999999934 0.00000000099999999934 0.00000000099999999934 
0.00000000099999999930 0.00000000099999999930 0.00000000099999999930 0.00000000099999999930 0.99999998900000020008 0.00000000099999999930 0.00000000099999999930 0.00000000099999999930 0.00000000099999999930 0.00000000099999999930 0.00000000099999999930 0.00000000099999999930 
0.00000000099999999928 0.00000000099999999928 0.00000000099999999928 0.00000000099999999928 0.99999998900000008906 0.00000000099999999928 0.00000000099999999928 0.00000000099999999928 0.00000000099999999928 0.00000000099999999928 0.00000000099999999928 0.00000000099999999928 
0.00000000099999999923 0.00000000099999999923 0.00000000099999999923 0.00000000099999999923 0.99999998900000020008 0.00000000099999999923 0.00000000099999999923 0.00000000099999999923 0.00000000099999999923 0.00000000099999999923 0.00000000099999999923 0.00000000099999999923 
0.00000000099999999938 0.00000000099999999938 0.00000000099999999938 0.00000000099999999938 0.99999998900000008906 0.00000000099999999938 0.00000000099999999938 0.00000000099999999938 0.00000000099999999938 0.00000000099999999938 0.00000000099999999938 0.00000000099999999938 
0.00000000099999999910 0.00000000099999999910 0.00000000099999999910 0.00000000099999999910 0.99999998900000008906 0.00000000099999999910 0.00000000099999999910 0.00000000099999999910 0.00000000099999999910 0.00000000099999999910 0.00000000099999999910 0.00000000099999999910 
0.00000000099999999932 0.00000000099999999932 0.00000000099999999932 0.00000000099999999932 0.99999998900000020008 0.00000000099999999932 0.00000000099999999932 0.00000000099999999932 0.00000000099999999932 0.00000000099999999932 0.00000000099999999932 0.00000000099999999932 
0.00000000099999999921 0.00000000099999999921 0.00000000099999999921 0.00000000099999999921 0.99999998900000008906 0.00000000099999999921 0.00000000099999999921 0.00000000099999999921 0.00000000099999999921 0.00000000099999999921 0.00000000099999999921 0.00000000099999999921 
0.00000000099999999935 0.00000000099999999935 0.00000000099999999935 0.00000000099999999935 0.99999998900000020008 0.00000000099999999935 0.00000000099999999935 0.00000000099999999935 0.00000000099999999935 0.00000000099999999935 0.00000000099999999935 0.00000000099999999935 
0.00000000099999999939 0.00000000099999999939 0.00000000099999999939 0.00000000099999999939 0.99999998900000008906 0.00000000099999999939 0.00000000099999999939 0.00000000099999999939 0.00000000099999999939 0.00000000099999999939 0.00000000099999999939 0.00000000099999999939 
0.00000000099999999931 0.00000000099999999931 0.00000000099999999931 0.00000000099999999931 0.99999998900000020008 0.00000000099999999931 0.00000000099999999931 0.00000000099999999931 0.00000000099999999931 0.00000000099999999931 0.00000000099999999931 0.00000000099999999931 
0.00000000099999999929 0.00000000099999999929 0.00000000099999999929 0.00000000099999999929 0.99999998900000008906 0.00000000099999999929 0.00000000099999999929 0.00000000099999999929 0.00000000099999999929 0.00000000099999999929 0.00000000099999999929 0.00000000099999999929 
0.00000000099999999927 0.00000000099999999927 0.00000000099999999927 0.00000000099999999927 0.99999998900000008906 0.00000000099999999927 0.00000000099999999927 0.00000000099999999927 0.00000000099999999927 0.00000000099999999927 0.00000000099999999927 0.00000000099999999927 
0.00000000099999999929 0.00000000099999999929 0.00000000099999999929 0.00000000099999999929 0.99999998900000008906 0.00000000099999999929 0.00000000099999999929 0.00000000099999999929 0.00000000099999999929 0.00000000099999999929 0.00000000099999999929 0.00000000099999999929 
0.00000000099999999937 0.00000000099999999937 0.00000000099999999937 0.00000000099999999937 0.99999998900000020008 0.00000000099999999937 0.00000000099999999937 0.00000000099999999937 0.00000000099999999937 0.00000000099999999937 0.00000000099999999937 0.00000000099999999937 
0.00000000099999999939 0.00000000099999999939 0.00000000099999999939 0.00000000099999999939 0.99999998900000008906 0.00000000099999999939 0.00000000099999999939 0.00000000099999999939 0.00000000099999999939 0.00000000099999999939 0.00000000099999999939 0.00000000099999999939 
0.00000000099999999947 0.00000000099999999947 0.00000000099999999947 0.00000000099999999947 0.99999998900000020008 0.00000000099999999947 0.00000000099999999947 0.00000000099999999947 0.00000000099999999947 0.00000000099999999947 0.00000000099999999947 0.00000000099999999947 
0.00000000099999999933 0.00000000099999999933 0.00000000099999999933 0.00000000099999999933 0.99999998900000008906 0.00000000099999999933 0.00000000099999999933 0.00000000099999999933 0.00000000099999999933 0.00000000099999999933 0.00000000099999999933 0.00000000099999999933 
0.00000000099999999930 0.00000000099999999930 0.00000000099999999930 0.00000000099999999930 0.99999998900000008906 0.00000000099999999930 0.00000000099999999930 0.00000000099999999930 0.00000000099999999930 0.00000000099999999930 0.00000000099999999930 0.00000000099999999930 
0.00000000099999999934 0.00000000099999999934 0.00000000099999999934 0.00000000099999999934 0.99999998900000008906 0.00000000099999999934 0.00000000099999999934 0.00000000099999999934 0.00000000099999999934 0.00000000099999999934 0.00000000099999999934 0.00000000099999999934 
0.00000000099999999920 0.00000000099999999920 0.00000000099999999920 0.00000000099999999920 0.99999998900000020008 0.00000000099999999920 0.00000000099999999920 0.00000000099999999920 0.00000000099999999920 0.00000000099999999920 0.00000000099999999920 0.00000000099999999920 
0.00000000099999999939 0.00000000099999999939 0.00000000099999999939 0.00000000099999999939 0.99999998900000020008 0.00000000099999999939 0.00000000099999999939 0.00000000099999999939 0.00000000099999999939 0.00000000099999999939 0.00000000099999999939 0.00000000099999999939 
0.00000000099999999933 0.00000000099999999933 0.00000000099999999933 0.00000000099999999933 0.99999998900000008906 0.00000000099999999933 0.00000000099999999933 0.00000000099999999933 0.00000000099999999933 0.00000000099999999933 0.00000000099999999933 0.00000000099999999933 
0.00000000099999999976 0.00000000099999999976 0.00000000099999999976 0.00000000099999999976 0.00000000099999999976 0.00000000099999999976 0.00000000099999999976 0.00000000099999999976 0.99999998899999997803 0.00000000099999999976 0.00000000099999999976 0.00000000099999999976 
0.00000000099999999963 0.00000000099999999963 0.00000000099999999963 0.00000000099999999963 0.00000000099999999963 0.00000000099999999963 0.00000000099999999963 0.00000000099999999963 0.99999998900000008906 0.00000000099999999963 0.00000000099999999963 0.00000000099999999963 
0.00000000099999999967 0.00000000099999999967 0.00000000099999999967 0.00000000099999999967 0.00000000099999999967 0.00000000099999999967 0.00000000099999999967 0.00000000099999999967 0.99999998899999997803 0.00000000099999999967 0.00000000099999999967 0.00000000099999999967 
0.00000000099999999980 0.00000000099999999980 0.00000000099999999980 0.00000000099999999980 0.00000000099999999980 0.00000000099999999980 0.00000000099999999980 0.00000000099999999980 0.99999998900000008906 0.00000000099999999980 0.00000000099999999980 0.00000000099999999980 
0.00000000099999999842 0.00000000099999999842 0.00000000099999999842 0.00000000099999999842 0.00000000099999999842 0.00000000099999999842 0.00000000099999999842 0.99999998899999986701 0.00000000099999999842 0.00000000099999999842 0.00000000099999999842 0.00000000099999999842 
0.00000000099999999988 0.00000000099999999988 0.00000000099999999988 0.00000000099999999988 0.00000000099999999988 0.00000000099999999988 0.00000000099999999988 0.05975319387584195063 0.94024679612415806851 0.00000000099999999988 0.00000000099999999988 0.00000000099999999988 
0.00000000099999999987 0.00000000099999999987 0.00000000099999999987 0.00000000099999999987 0.00000000099999999987 0.00000000099999999987 0.00000000099999999987 0.08836982188711185737 0.91163016811288821728 0.00000000099999999987 0.00000000099999999987 0.00000000099999999987 
0.00000000099999999986 0.00000000099999999986 0.00000000099999999986 0.00000000099999999986 0.00000000099999999986 0.00000000099999999986 0.00000000099999999986 0.08350027019908171089 0.91649971980091837764 0.00000000099999999986 0.00000000099999999986 0.00000000099999999986 
0.00000000099999999985 0.00000000099999999985 0.00000000099999999985 0.00000000099999999985 0.00000000099999999985 0.00000000099999999985 0.00000000099999999985 0.00000000099999999985 0.99999998899999997803 0.00000000099999999985 0.00000000099999999985 0.00000000099999999985 
0.00000000099999999985 0.00000000099999999985 0.00000000099999999985 0.00000000099999999985 0.00000000099999999985 0.00000000099999999985 0.00000000099999999985 0.07672610201866338075 0.92327388798133669390 0.00000000099999999985 0.00000000099999999985 0.00000000099999999985 
0.00000000099999999857 0.00000000099999999857 0.00000000099999999857 0.00000000099999999857 0.00000000099999999857 0.00000000099999999857 0.00000000099999999857 0.99999998899999986701 0.00000000099999999857 0.00000000099999999857 0.00000000099999999857 0.00000000099999999857 
0.00000000099999999990 0.00000000099999999990 0.00000000099999999990 0.00000000099999999990 0.00000000099999999990 0.00000000099999999990 0.00000000099999999990 0.00000000099999999990 0.99999998900000008906 0.00000000099999999990 0.00000000099999999990 0.00000000099999999990 
0.00000000099999999979 0.00000000099999999979 0.00000000099999999979 0.00000000099999999979 0.00000000099999999979 0.00000000099999999979 0.00000000099999999979 0.00000000099999999979 0.99999998900000008906 0.00000000099999999979 0.00000000099999999979 0.00000000099999999979 
0.00000000099999999981 0.99999998900000031110 0.00000000099999999981 0.00000000099999999981 0.00000000099999999981 0.00000000099999999981 0.00000000099999999981 0.00000000099999999981 0.00000000099999999981 0.00000000099999999981 0.00000000099999999981 0.00000000099999999981 
0.00000000099999999991 0.13532699405334819298 0.00000000099999999991 0.00000000099999999991 0.00000000099999999991 0.09988715311212124914 0.00000000099999999991 0.00000000099999999991 0.00000000099999999991 0.00000000099999999991 0.76478584383453052098 0.00000000099999999991 
0.00000000099999999990 0.99999998900000031110 0.00000000099999999990 0.00000000099999999990 0.00000000099999999990 0.00000000099999999990 0.00000000099999999990 0.00000000099999999990 0.00000000099999999990 0.00000000099999999990 0.00000000099999999990 0.00000000099999999990 
0.00000000099999999995 0.15316908095067685580 0.00000000099999999995 0.00000000099999999995 0.00000000099999999995 0.18129578420950354101 0.00000000099999999995 0.00000000099999999995 0.00000000099999999995 0.00000000099999999995 0.66553512583981933037 0.00000000099999999995 
0.00000000099999999992 0.18358740712345422708 0.00000000099999999992 0.00000000099999999992 0.00000000099999999992 0.16197006853823928130 0.00000000099999999992 0.00000000099999999992 0.00000000099999999992 0.00000000099999999992 0.65444251533830644085 0.00000000099999999992 
0.00000000099999999985 0.99999998900000020008 0.00000000099999999985 0.00000000099999999985 0.00000000099999999985 0.00000000099999999985 0.00000000099999999985 0.00000000099999999985 0.00000000099999999985 0.00000000099999999985 0.00000000099999999985 0.00000000099999999985 
0.00000000099999999979 0.99999998900000031110 0.00000000099999999979 0.00000000099999999979 0.00000000099999999979 0.00000000099999999979 0.00000000099999999979 0.00000000099999999979 0.00000000099999999979 0.00000000099999999979 0.00000000099999999979 0.00000000099999999979 
0.00000000099999999992 0.17735734306711326003 0.00000000099999999992 0.00000000099999999992 0.00000000099999999992 0.16225602395752905527 0.00000000099999999992 0.00000000099999999992 0.00000000099999999992 0.00000000099999999992 0.66038662397535763393 0.00000000099999999992 
0.00000000099999999987 0.99999998900000020008 0.00000000099999999987 0.00000000099999999987 0.00000000099999999987 0.00000000099999999987 0.00000000099999999987 0.00000000099999999987 0.00000000099999999987 0.00000000099999999987 0.00000000099999999987 0.00000000099999999987 
0.00000000099999999988 0.99999998900000020008 0.00000000099999999988 0.00000000099999999988 0.00000000099999999988 0.00000000099999999988 0.00000000099999999988 0.00000000099999999988 0.00000000099999999988 0.00000000099999999988 0.00000000099999999988 0.00000000099999999988 
0.00000000099999999990 0.99999998900000020008 0.00000000099999999990 0.00000000099999999990 0.00000000099999999990 0.00000000099999999990 0.00000000099999999990 0.00000000099999999990 0.00000000099999999990 0.00000000099999999990 0.00000000099999999990 0.00000000099999999990 
0.00000000099999999987 0.99999998900000031110 0.00000000099999999987 0.00000000099999999987 0.00000000099999999987 0.00000000099999999987 0.00000000099999999987 0.00000000099999999987 0.00000000099999999987 0.00000000099999999987 0.00000000099999999987 0.00000000099999999987 
0.00000000099999999989 0.99999998900000020008 0.00000000099999999989 0.00000000099999999989 0.00000000099999999989 0.00000000099999999989 0.00000000099999999989 0.00000000099999999989 0.00000000099999999989 0.00000000099999999989 0.00000000099999999989 0.00000000099999999989 
0.00000000099999999994 0.99999998900000020008 0.00000000099999999994 0.00000000099999999994 0.00000000099999999994 0.00000000099999999994 0.00000000099999999994 0.00000000099999999994 0.00000000099999999994 0.00000000099999999994 0.00000000099999999994 0.00000000099999999994 
0.00000000099999999990 0.99999998900000020008 0.00000000099999999990 0.00000000099999999990 0.00000000099999999990 0.00000000099999999990 0.00000000099999999990 0.00000000099999999990 0.00000000099999999990 0.00000000099999999990 0.00000000099999999990 0.00000000099999999990 
0.00000000100000000000 0.12484886079682464000 0.00000050757159482474 0.00000000678887866485 0.00000000100000000000 0.09414834560654436468 0.00018298729556810589 0.00243281402457262881 0.00000000100000000000 0.01007819180494465977 0.73790682263336693225 0.03040146047770521734 
0.00000000099999999987 0.99999998900000031110 0.00000000099999999987 0.00000000099999999987 0.00000000099999999987 0.00000000099999999987 0.00000000099999999987 0.00000000099999999987 0.00000000099999999987 0.00000000099999999987 0.00000000099999999987 0.00000000099999999987 
0.00000000099999999988 0.99999998900000031110 0.00000000099999999988 0.00000000099999999988 0.00000000099999999988 0.00000000099999999988 0.00000000099999999988 0.00000000099999999988 0.00000000099999999988 0.00000000099999999988 0.00000000099999999988 0.00000000099999999988 
0.00000000099999999969 0.00000000099999999969 0.00000000099999999969 0.00000000099999999969 0.00000000099999999969 0.99999998900000020008 0.00000000099999999969 0.00000000099999999969 0.00000000099999999969 0.00000000099999999969 0.00000000099999999969 0.00000000099999999969 
0.00000000099999999980 0.00000000099999999980 0.00000000099999999980 0.00000000099999999980 0.00000000099999999980 0.87432827547735236795 0.00000000099999999980 0.00000000099999999980 0.00000000099999999980 0.00000000099999999980 0.12567171452264769282 0.00000000099999999980 
0.00000000099999999952 0.00000000099999999952 0.00000000099999999952 0.00000000099999999952 0.00000000099999999952 0.99999998900000008906 0.00000000099999999952 0.00000000099999999952 0.00000000099999999952 0.00000000099999999952 0.00000000099999999952 0.00000000099999999952 
0.00000000099999999981 0.00000000099999999981 0.00000000099999999981 0.00000000099999999981 0.00000000099999999981 0.70501883228335948672 0.00000000099999999981 0.00000000099999999981 0.00000000099999999981 0.00000000099999999981 0.29498115771664068507 0.00000000099999999981 
0.00000000099999999964 0.00000000099999999964 0.00000000099999999964 0.00000000099999999964 0.00000000099999999964 0.99999998900000008906 0.00000000099999999964 0.00000000099999999964 0.00000000099999999964 0.00000000099999999964 0.00000000099999999964 0.00000000099999999964 
0.00000000099999999967 0.00000000099999999967 0.00000000099999999967 0.00000000099999999967 0.00000000099999999967 0.99999998900000020008 0.00000000099999999967 0.00000000099999999967 0.00000000099999999967 0.00000000099999999967 0.00000000099999999967 0.00000000099999999967 
0.00000000099999999982 0.00000000099999999982 0.00000000099999999982 0.00000000099999999982 0.00000000099999999982 0.49117434583644103974 0.00000000099999999982 0.00000000099999999982 0.00000000099999999982 0.00000000099999999982 0.50882564416355879899 0.00000000099999999982 
0.00000000099999999953 0.00000000099999999953 0.00000000099999999953 0.00000000099999999953 0.00000000099999999953 0.99999998900000020008 0.00000000099999999953 0.00000000099999999953 0.00000000099999999953 0.00000000099999999953 0.00000000099999999953 0.00000000099999999953 
0.00000000099999999974 0.00000000099999999974 0.00000000099999999974 0.00000000099999999974 0.00000000099999999974 0.99999998900000020008 0.00000000099999999974 0.00000000099999999974 0.00000000099999999974 0.00000000099999999974 0.00000000099999999974 0.00000000099999999974 
0.00000000099999999957 0.00000000099999999957 0.00000000099999999957 0.00000000099999999957 0.00000000099999999957 0.99999998900000008906 0.00000000099999999957 0.00000000099999999957 0.00000000099999999957 0.00000000099999999957 0.00000000099999999957 0.00000000099999999957 
0.00000000099999999952 0.00000000099999999952 0.00000000099999999952 0.00000000099999999952 0.00000000099999999952 0.99999998900000008906 0.00000000099999999952 0.00000000099999999952 0.00000000099999999952 0.00000000099999999952 0.00000000099999999952 0.00000000099999999952 
0.00000000099999999956 0.00000000099999999956 0.00000000099999999956 0.00000000099999999956 0.00000000099999999956 0.99999998900000008906 0.00000000099999999956 0.00000000099999999956 0.00000000099999999956 0.00000000099999999956 0.00000000099999999956 0.00000000099999999956 
0.00000000099999999962 0.00000000099999999962 0.00000000099999999962 0.00000000099999999962 0.00000000099999999962 0.99999998900000008906 0.00000000099999999962 0.00000000099999999962 0.00000000099999999962 0.00000000099999999962 0.00000000099999999962 0.00000000099999999962 
0.00000000099999999941 0.00000000099999999941 0.00000000099999999941 0.00000000099999999941 0.00000000099999999941 0.99999998900000020008 0.00000000099999999941 0.00000000099999999941 0.00000000099999999941 0.00000000099999999941 0.00000000099999999941 0.00000000099999999941 
0.00000000099999999963 0.00000000099999999963 0.00000000099999999963 0.00000000099999999963 0.00000000099999999963 0.99999998900000008906 0.00000000099999999963 0.00000000099999999963 0.00000000099999999963 0.00000000099999999963 0.00000000099999999963 0.00000000099999999963 
0.00000000099999999970 0.00000000099999999970 0.00000000099999999970 0.00000000099999999970 0.00000000099999999970 0.99999998900000008906 0.00000000099999999970 0.00000000099999999970 0.00000000099999999970 0.00000000099999999970 0.00000000099999999970 0.00000000099999999970 
0.00000000099999999956 0.00000000099999999956 0.00000000099999999956 0.00000000099999999956 0.00000000099999999956 0.00000000099999999956 0.00000000099999999956 0.00000000099999999956 0.00000000099999999956 0.00000000099999999956 0.99999998899999997803 0.00000000099999999956 
0.00000000099999999945 0.00000000099999999945 0.00000000099999999945 0.00000000099999999945 0.00000000099999999945 0.00000000099999999945 0.00000000099999999945 0.00000000099999999945 0.00000000099999999945 0.00000000099999999945 0.99999998899999997803 0.00000000099999999945 
0.00000000099999999967 0.00000000099999999967 0.00000000099999999967 0.00000000099999999967 0.00000000099999999967 0.10572648081734539738 0.00000000099999999967 0.00000000099999999967 0.00000000099999999967 0.00000000099999999967 0.89427350918265469115 0.00000000099999999967 
0.00000000099999999971 0.00000000099999999971 0.00000000099999999971 0.00000000099999999971 0.00000000099999999971 0.23358926531906953894 0.00000000099999999971 0.00000000099999999971 0.00000000099999999971 0.00000000099999999971 0.76641072468093041081 0.00000000099999999971 
0.00000000099999999986 0.00000000099999999986 0.00000000099999999986 0.00000000099999999986 0.00000000099999999986 0.16431735779161579791 0.00000000099999999986 0.00000000099999999986 0.00000000099999999986 0.00000000099999999986 0.83568263220838412408 0.00000000099999999986 
0.00000000099999999975 0.00000000099999999975 0.00000000099999999975 0.00000000099999999975 0.00000000099999999975 0.15491214767752808923 0.00000000099999999975 0.00000000099999999975 0.00000000099999999975 0.00000000099999999975 0.84508784232247191603 0.00000000099999999975 
0.00000000099999999999 0.02130120519175794994 0.00000000099999999999 0.00000000099999999999 0.00000000099999999999 0.48007681408296848380 0.00000000099999999999 0.00000000099999999999 0.00000000099999999999 0.00000000099999999999 0.49862197172527361611 0.00000000099999999999 
0.00000000100000000000 0.00019125203906835748 0.00081114510124875058 0.01749069498217336455 0.00000000100000000000 0.37161261717466437249 0.00305806301714492109 0.00005118564519318714 0.00000726804246570345 0.00000000100000000000 0.59653949366371006313 0.01023827733433141374 
0.00000000114882249211 0.02853259929395391206 0.10194718340156271041 0.00000498262231321469 0.00000000100000000000 0.40522701473199546074 0.00000004592640335458 0.00000001159382073956 0.00566159421188639714 0.00059676769069576827 0.45788715341395525016 0.00014264496459072239 
0.00000000099999999988 0.00000000099999999988 0.00000000099999999988 0.00000000099999999988 0.00000000099999999988 0.35891149868598026806 0.00000000099999999988 0.00000000099999999988 0.00000000099999999988 0.00000000099999999988 0.64108849131401957067 0.00000000099999999988 
0.00000000099999999986 0.00000000099999999986 0.00000000099999999986 0.00000000099999999986 0.00000000099999999986 0.40061152856336512684 0.00000000099999999986 0.00000000099999999986 0.00000000099999999986 0.00000000099999999986 0.59938846143663471189 0.00000000099999999986 
0.00000000099999999991 0.00000000099999999991 0.00000000099999999991 0.00000000099999999991 0.00000000099999999991 0.40729176851044468499 0.00000000099999999991 0.00000000099999999991 0.00000000099999999991 0.00000000099999999991 0.59270822148955515374 0.00000000099999999991 
0.00000000099999999974 0.00000000099999999974 0.00000000099999999974 0.00000000099999999974 0.00000000099999999974 0.11758481098814088650 0.00000000099999999974 0.00000000099999999974 0.00000000099999999974 0.00000000099999999974 0.88241517901185906325 0.00000000099999999974 
0.00000000099999999975 0.00000000099999999975 0.00000000099999999975 0.00000000099999999975 0.00000000099999999975 0.18108536677130682158 0.00000000099999999975 0.00000000099999999975 0.00000000099999999975 0.00000000099999999975 0.81891462322869312818 0.00000000099999999975 
0.00000000099999999978 0.00000000099999999978 0.00000000099999999978 0.00000000099999999978 0.00000000099999999978 0.24235099308997126721 0.00000000099999999978 0.00000000099999999978 0.00000000099999999978 0.00000000099999999978 0.75764899691002862703 0.00000000099999999978 
0.00000000099999999967 0.00000000099999999967 0.00000000099999999967 0.00000000099999999967 0.00000000099999999967 0.09414994559884226621 0.00000000099999999967 0.00000000099999999967 0.00000000099999999967 0.00000000099999999967 0.90585004440115768354 0.00000000099999999967 
0.00000000099999999981 0.00000000099999999981 0.00000000099999999981 0.00000000099999999981 0.00000000099999999981 0.15403127880160588647 0.00000000099999999981 0.00000000099999999981 0.00000000099999999981 0.00000000099999999981 0.84596871119839411879 0.00000000099999999981 
