0.99999999000000028282 0.00000000099999999979 0.00000000099999999979 0.00000000099999999979 0.00000000099999999979 0.00000000099999999979 0.00000000099999999979 0.00000000099999999979 0.00000000099999999979 0.00000000099999999979 0.00000000099999999979 
0.77639115688915805169 0.00000000099999999989 0.00000000099999999989 0.00000000099999999989 0.00000000099999999989 0.22360869089521143160 0.00000014421563062406 0.00000000099999999989 0.00000000099999999989 0.00000000099999999989 0.00000000099999999989 
0.00000000099999999976 0.00000000099999999976 0.00000000099999999976 0.00000000099999999976 0.00000000099999999976 0.99999999000000017180 0.00000000099999999976 0.00000000099999999976 0.00000000099999999976 0.00000000099999999976 0.00000000099999999976 
0.38375709033902877243 0.00000000099999999990 0.00000000099999999990 0.00000000099999999990 0.00000000099999999990 0.36938770358276623584 0.24685519807820480165 0.00000000099999999990 0.00000000099999999990 0.00000000099999999990 0.00000000099999999990 
0.39455586700156275448 0.00000000099999999990 0.00000000099999999990 0.00000000099999999990 0.00000000099999999990 0.31473714720594064831 0.29070697779249643489 0.00000000099999999990 0.00000000099999999990 0.00000000099999999990 0.00000000099999999990 
0.76874186893652984853 0.00000000099999999988 0.00000000099999999988 0.00000000099999999988 0.00000000099999999988 0.00000000099999999988 0.23125812206347037825 0.00000000099999999988 0.00000000099999999988 0.00000000099999999988 0.00000000099999999988 
0.38135226145181710944 0.00000000099999999990 0.00000000099999999990 0.00000000099999999990 0.00000000099999999990 0.29461246439328392377 0.32403526615489891549 0.00000000099999999990 0.00000000099999999990 0.00000000099999999990 0.00000000099999999990 
0.00000000120190439752 0.00000000150853596357 0.00000000122132019830 0.00000000128568842967 0.00000000229177024496 0.99999998352571028981 0.00000000099999999999 0.00000000213554341617 0.00000000134870885638 0.00000000170982609004 0.00000000277099231227 
0.00007333784970497825 0.00000000099999999986 0.00000000099999999986 0.00000000099999999986 0.00000000099999999986 0.50149903518547078729 0.49842761896482434825 0.00000000099999999986 0.00000000099999999986 0.00000000099999999986 0.00000000099999999986 
0.41414516826935182658 0.00000000099999999993 0.00000000099999999993 0.00000000099999999993 0.00000000099999999993 0.28887092194937152856 0.29698390178127664907 0.00000000099999999993 0.00000000099999999993 0.00000000099999999993 0.00000000099999999993 
0.00000000099999999970 0.00000000099999999970 0.00000000099999999970 0.00000000099999999970 0.00000000099999999970 0.00000000099999999970 0.99999999000000006077 0.00000000099999999970 0.00000000099999999970 0.00000000099999999970 0.00000000099999999970 
0.00000000099999999970 0.00000000099999999970 0.00000000099999999970 0.00000000099999999970 0.00000000099999999970 0.00000000099999999970 0.99999998999999994975 0.00000000099999999970 0.00000000099999999970 0.00000000099999999970 0.00000000099999999970 
0.43777765922236272500 0.00000000099999999991 0.00000000099999999991 0.00000000099999999991 0.00000000099999999991 0.48987238205200600571 0.07234995072563128737 0.00000000099999999991 0.00000000099999999991 0.00000000099999999991 0.00000000099999999991 
0.47013849685141095858 0.00000000099999999986 0.00000000099999999986 0.00000000099999999986 0.00000000099999999986 0.52986149414858885187 0.00000000099999999986 0.00000000099999999986 0.00000000099999999986 0.00000000099999999986 0.00000000099999999986 
0.37676706914722885022 0.00000000099999999988 0.00000000099999999988 0.00000000099999999988 0.00000000099999999988 0.43824902092646894625 0.18498390192630212447 0.00000000099999999988 0.00000000099999999988 0.00000000099999999988 0.00000000099999999988 
0.00000000099999999970 0.00000000099999999970 0.00000000099999999970 0.00000000099999999970 0.00000000099999999970 0.00000000099999999970 0.99999999000000006077 0.00000000099999999970 0.00000000099999999970 0.00000000099999999970 0.00000000099999999970 
0.99999999000000017180 0.00000000099999999982 0.00000000099999999982 0.00000000099999999982 0.00000000099999999982 0.00000000099999999982 0.00000000099999999982 0.00000000099999999982 0.00000000099999999982 0.00000000099999999982 0.00000000099999999982 
0.99956200810905182497 0.00000000099999999983 0.00000000099999999983 0.00000000099999999983 0.00000000099999999983 0.00043798289094843960 0.00000000099999999983 0.00000000099999999983 0.00000000099999999983 0.00000000099999999983 0.00000000099999999983 
0.00000000099999999973 0.00000000099999999973 0.00000000099999999973 0.00000000099999999973 0.00000000099999999973 0.99999999000000017180 0.00000000099999999973 0.00000000099999999973 0.00000000099999999973 0.00000000099999999973 0.00000000099999999973 
0.40015249232470129215 0.00000000099999999991 0.00000000099999999991 0.00000000099999999991 0.00000000099999999991 0.38290979239801692380 0.21693770727728176051 0.00000000099999999991 0.00000000099999999991 0.00000000099999999991 0.00000000099999999991 
0.60010147443571837389 0.00000000099999999997 0.00000000099999999997 0.00000000099999999997 0.00000000099999999997 0.22132661768642525324 0.17857189987785648810 0.00000000099999999997 0.00000000099999999997 0.00000000099999999997 0.00000000099999999997 
0.63267787587551638229 0.00000000099999999987 0.00000000099999999987 0.00000000099999999987 0.00000000099999999987 0.36732210157917849491 0.00000001454530518785 0.00000000099999999987 0.00000000099999999987 0.00000000099999999987 0.00000000099999999987 
0.60620864486218817291 0.00000000099999999997 0.00000000099999999997 0.00000000099999999997 0.00000000099999999997 0.16407068248276224232 0.22972066465504975552 0.00000000099999999997 0.00000000099999999997 0.00000000099999999997 0.00000000099999999997 
0.42262670260709495063 0.00000000099999999990 0.00000000099999999990 0.00000000099999999990 0.00000000099999999990 0.39957444924042667678 0.17779884015247823803 0.00000000099999999990 0.00000000099999999990 0.00000000099999999990 0.00000000099999999990 
0.58502195316128779989 0.00000000099999999988 0.00000000099999999988 0.00000000099999999988 0.00000000099999999988 0.00002072159438357993 0.41495731724432871612 0.00000000099999999988 0.00000000099999999988 0.00000000099999999988 0.00000000099999999988 
0.42311831173949882023 0.00000000099999999995 0.00000000099999999995 0.00000000099999999995 0.00000000099999999995 0.27604107931737242865 0.30084060094312875533 0.00000000099999999995 0.00000000099999999995 0.00000000099999999995 0.00000000099999999995 
0.99999999000000028282 0.00000000099999999979 0.00000000099999999979 0.00000000099999999979 0.00000000099999999979 0.00000000099999999979 0.00000000099999999979 0.00000000099999999979 0.00000000099999999979 0.00000000099999999979 0.00000000099999999979 
0.00000024347545390920 0.00000000099999999984 0.00000000099999999984 0.00000000099999999984 0.00000000099999999984 0.64255868935111881690 0.35744105917342733347 0.00000000099999999984 0.00000000099999999984 0.00000000099999999984 0.00000000099999999984 
0.42390832832221453375 0.00000000099999999997 0.00000000099999999997 0.00000000099999999997 0.00000000099999999997 0.21120714727140954547 0.36488451640637592499 0.00000000099999999997 0.00000000099999999997 0.00000000099999999997 0.00000000099999999997 
0.38544045287574019154 0.00000000099999999992 0.00000000099999999992 0.00000000099999999992 0.00000000099999999992 0.44890348823005588041 0.16565605089420382123 0.00000000099999999992 0.00000000099999999992 0.00000000099999999992 0.00000000099999999992 
0.00000000099999999974 0.00000000099999999974 0.00000000099999999974 0.00000000099999999974 0.00000000099999999974 0.99999999000000006077 0.00000000099999999974 0.00000000099999999974 0.00000000099999999974 0.00000000099999999974 0.00000000099999999974 
0.99999999000000028282 0.00000000099999999982 0.00000000099999999982 0.00000000099999999982 0.00000000099999999982 0.00000000099999999982 0.00000000099999999982 0.00000000099999999982 0.00000000099999999982 0.00000000099999999982 0.00000000099999999982 
0.00000000099999999977 0.00000000099999999977 0.00000000099999999977 0.00000000099999999977 0.00000000099999999977 0.99999999000000006077 0.00000000099999999977 0.00000000099999999977 0.00000000099999999977 0.00000000099999999977 0.00000000099999999977 
0.67183376361661450993 0.00000000099999999997 0.00000000099999999997 0.00000000099999999997 0.00000000099999999997 0.17284264290142739573 0.15532358548195820958 0.00000000099999999997 0.00000000099999999997 0.00000000099999999997 0.00000000099999999997 
0.64128710451565518191 0.00000000099999999991 0.00000000099999999991 0.00000000099999999991 0.00000000099999999991 0.17016251931077264192 0.18855036817357223589 0.00000000099999999991 0.00000000099999999991 0.00000000099999999991 0.00000000099999999991 
0.47927734783292130771 0.00000000099999999987 0.00000000099999999987 0.00000000099999999987 0.00000000099999999987 0.52072264316707872478 0.00000000099999999987 0.00000000099999999987 0.00000000099999999987 0.00000000099999999987 0.00000000099999999987 
0.57830930358004339897 0.00000000099999999984 0.00000000099999999984 0.00000000099999999984 0.00000000099999999984 0.00000175774603970320 0.42168893067391710616 0.00000000099999999984 0.00000000099999999984 0.00000000099999999984 0.00000000099999999984 
0.50805822876658623954 0.00000000099999999987 0.00000000099999999987 0.00000000099999999987 0.00000000099999999987 0.49194170177631474372 0.00000006145709913752 0.00000000099999999987 0.00000000099999999987 0.00000000099999999987 0.00000000099999999987 
0.34961450344037808824 0.00000000099999999991 0.00000000099999999991 0.00000000099999999991 0.00000000099999999991 0.38029154089434102914 0.27009394766528072029 0.00000000099999999991 0.00000000099999999991 0.00000000099999999991 0.00000000099999999991 
0.00000000099999999983 0.00000000099999999983 0.00000000099999999983 0.00000000099999999983 0.00000000099999999983 0.72832270738716542446 0.27167728361283466354 0.00000000099999999983 0.00000000099999999983 0.00000000099999999983 0.00000000099999999983 
0.39612781744420771934 0.00000000099999999994 0.00000000099999999994 0.00000000099999999994 0.00000000099999999994 0.32139327312757487443 0.28247890142821752146 0.00000000099999999994 0.00000000099999999994 0.00000000099999999994 0.00000000099999999994 
0.42638881312796050871 0.02628327866672485261 0.00000000100000000000 0.00000000100000000000 0.00000000100000000000 0.15353311197736493887 0.39209109371183425985 0.00003246880368683017 0.00026604866013830189 0.00139206273919951508 0.00001311931309057787 
0.74168032770663916420 0.00000000099999999991 0.00000000099999999991 0.00000000099999999991 0.00000000099999999991 0.25831966231343783669 0.00000000197992326965 0.00000000099999999991 0.00000000099999999991 0.00000000099999999991 0.00000000099999999991 
0.99999999000000017180 0.00000000099999999984 0.00000000099999999984 0.00000000099999999984 0.00000000099999999984 0.00000000099999999984 0.00000000099999999984 0.00000000099999999984 0.00000000099999999984 0.00000000099999999984 0.00000000099999999984 
0.99999999000000028282 0.00000000099999999977 0.00000000099999999977 0.00000000099999999977 0.00000000099999999977 0.00000000099999999977 0.00000000099999999977 0.00000000099999999977 0.00000000099999999977 0.00000000099999999977 0.00000000099999999977 
0.46050263332315316545 0.00000000099999999990 0.00000000099999999990 0.00000000099999999990 0.00000000099999999990 0.22839965313968538241 0.31109770553716131758 0.00000000099999999990 0.00000000099999999990 0.00000000099999999990 0.00000000099999999990 
0.99999999000000028282 0.00000000099999999980 0.00000000099999999980 0.00000000099999999980 0.00000000099999999980 0.00000000099999999980 0.00000000099999999980 0.00000000099999999980 0.00000000099999999980 0.00000000099999999980 0.00000000099999999980 
0.39173993202653634160 0.00000000099999999990 0.00000000099999999990 0.00000000099999999990 0.00000000099999999990 0.23774845200852723348 0.37051160796493648464 0.00000000099999999990 0.00000000099999999990 0.00000000099999999990 0.00000000099999999990 
0.38222465328244570326 0.00000000099999999991 0.00000000099999999991 0.00000000099999999991 0.00000000099999999991 0.21768867473873054763 0.40008666397882375332 0.00000000099999999991 0.00000000099999999991 0.00000000099999999991 0.00000000099999999991 
0.00000000099999999979 0.00000000099999999979 0.00000000099999999979 0.00000000099999999979 0.00000000099999999979 0.99999999000000017180 0.00000000099999999979 0.00000000099999999979 0.00000000099999999979 0.00000000099999999979 0.00000000099999999979 
0.24438924780124460234 0.00006709919972232230 0.00000000099999999999 0.00000000099999999999 0.00114446172926233568 0.52698392542179595122 0.20482142136118727804 0.00000000099999999999 0.00000000099999999999 0.00000000099999999999 0.02259383948678773610 
0.00000000099999999985 0.00000151206736643974 0.00000000099999999985 0.00000000099999999985 0.00000000099999999985 0.00000000099999999985 0.00000000099999999985 0.33142838604066005015 0.00000000099999999985 0.66857009389197341598 0.00000000099999999985 
0.00000000099999999986 0.00397915800969790134 0.00000000099999999986 0.00000000099999999986 0.00000000099999999986 0.00000000099999999986 0.00000000099999999986 0.35111048309848830185 0.00000000099999999986 0.64491035089181369955 0.00000000099999999986 
0.00000000099999999987 0.01798578122707062549 0.00000000099999999987 0.00000000099999999987 0.00000000099999999987 0.00000000099999999987 0.00000000099999999987 0.34534664063000330980 0.00000000099999999987 0.62428595324054969584 0.01238161790237651480 
0.00000000099999999988 0.04304230258939916592 0.00000000099999999988 0.00000000099999999988 0.00000000099999999988 0.00000000099999999988 0.00000000099999999988 0.32904074289873769255 0.00000000099999999988 0.62791694651186302778 0.00000000099999999988 
0.00000000099999999986 0.00351205364969122812 0.00000000099999999986 0.00000000099999999986 0.00000000099999999986 0.00000000099999999986 0.00000000099999999986 0.33738721087538109389 0.00000000099999999986 0.65903466725959902739 0.00006606121532874007 
0.00000000099999999941 0.00000000099999999941 0.00000000099999999941 0.99999999000000017180 0.00000000099999999941 0.00000000099999999941 0.00000000099999999941 0.00000000099999999941 0.00000000099999999941 0.00000000099999999941 0.00000000099999999941 
0.00000000099999999940 0.00000000099999999940 0.00000000099999999940 0.99999999000000006077 0.00000000099999999940 0.00000000099999999940 0.00000000099999999940 0.00000000099999999940 0.00000000099999999940 0.00000000099999999940 0.00000000099999999940 
0.00000000099999999936 0.00000000099999999936 0.00000000099999999936 0.99999999000000017180 0.00000000099999999936 0.00000000099999999936 0.00000000099999999936 0.00000000099999999936 0.00000000099999999936 0.00000000099999999936 0.00000000099999999936 
0.00000000099999999935 0.00000000099999999935 0.00000000099999999935 0.99999999000000017180 0.00000000099999999935 0.00000000099999999935 0.00000000099999999935 0.00000000099999999935 0.00000000099999999935 0.00000000099999999935 0.00000000099999999935 
0.00000000099999999931 0.00000000099999999931 0.00000000099999999931 0.99999999000000006077 0.00000000099999999931 0.00000000099999999931 0.00000000099999999931 0.00000000099999999931 0.00000000099999999931 0.00000000099999999931 0.00000000099999999931 
0.00000000099999999944 0.00000000099999999944 0.00000000099999999944 0.99999999000000006077 0.00000000099999999944 0.00000000099999999944 0.00000000099999999944 0.00000000099999999944 0.00000000099999999944 0.00000000099999999944 0.00000000099999999944 
0.00000000099999999918 0.00000000099999999918 0.00000000099999999918 0.99999999000000006077 0.00000000099999999918 0.00000000099999999918 0.00000000099999999918 0.00000000099999999918 0.00000000099999999918 0.00000000099999999918 0.00000000099999999918 
0.00000000099999999938 0.00000000099999999938 0.00000000099999999938 0.99999999000000006077 0.00000000099999999938 0.00000000099999999938 0.00000000099999999938 0.00000000099999999938 0.00000000099999999938 0.00000000099999999938 0.00000000099999999938 
0.00000000099999999929 0.00000000099999999929 0.00000000099999999929 0.99999999000000017180 0.00000000099999999929 0.00000000099999999929 0.00000000099999999929 0.00000000099999999929 0.00000000099999999929 0.00000000099999999929 0.00000000099999999929 
0.00000000099999999941 0.00000000099999999941 0.00000000099999999941 0.99999999000000006077 0.00000000099999999941 0.00000000099999999941 0.00000000099999999941 0.00000000099999999941 0.00000000099999999941 0.00000000099999999941 0.00000000099999999941 
0.00000000099999999945 0.00000000099999999945 0.00000000099999999945 0.99999999000000006077 0.00000000099999999945 0.00000000099999999945 0.00000000099999999945 0.00000000099999999945 0.00000000099999999945 0.00000000099999999945 0.00000000099999999945 
0.00000000099999999938 0.00000000099999999938 0.00000000099999999938 0.99999999000000006077 0.00000000099999999938 0.00000000099999999938 0.00000000099999999938 0.00000000099999999938 0.00000000099999999938 0.00000000099999999938 0.00000000099999999938 
0.00000000099999999936 0.00000000099999999936 0.00000000099999999936 0.99999999000000017180 0.00000000099999999936 0.00000000099999999936 0.00000000099999999936 0.00000000099999999936 0.00000000099999999936 0.00000000099999999936 0.00000000099999999936 
0.00000000099999999935 0.00000000099999999935 0.00000000099999999935 0.99999999000000006077 0.00000000099999999935 0.00000000099999999935 0.00000000099999999935 0.00000000099999999935 0.00000000099999999935 0.00000000099999999935 0.00000000099999999935 
0.00000000099999999936 0.00000000099999999936 0.00000000099999999936 0.99999999000000006077 0.00000000099999999936 0.00000000099999999936 0.00000000099999999936 0.00000000099999999936 0.00000000099999999936 0.00000000099999999936 0.00000000099999999936 
0.00000000099999999943 0.00000000099999999943 0.00000000099999999943 0.99999999000000017180 0.00000000099999999943 0.00000000099999999943 0.00000000099999999943 0.00000000099999999943 0.00000000099999999943 0.00000000099999999943 0.00000000099999999943 
0.00000000099999999945 0.00000000099999999945 0.00000000099999999945 0.99999999000000017180 0.00000000099999999945 0.00000000099999999945 0.00000000099999999945 0.00000000099999999945 0.00000000099999999945 0.00000000099999999945 0.00000000099999999945 
0.00000000099999999952 0.00000000099999999952 0.00000000099999999952 0.99999999000000006077 0.00000000099999999952 0.00000000099999999952 0.00000000099999999952 0.00000000099999999952 0.00000000099999999952 0.00000000099999999952 0.00000000099999999952 
0.00000000099999999940 0.00000000099999999940 0.00000000099999999940 0.99999999000000006077 0.00000000099999999940 0.00000000099999999940 0.00000000099999999940 0.00000000099999999940 0.00000000099999999940 0.00000000099999999940 0.00000000099999999940 
0.00000000099999999937 0.00000000099999999937 0.00000000099999999937 0.99999999000000006077 0.00000000099999999937 0.00000000099999999937 0.00000000099999999937 0.00000000099999999937 0.00000000099999999937 0.00000000099999999937 0.00000000099999999937 
0.00000000099999999940 0.00000000099999999940 0.00000000099999999940 0.99999999000000006077 0.00000000099999999940 0.00000000099999999940 0.00000000099999999940 0.00000000099999999940 0.00000000099999999940 0.00000000099999999940 0.00000000099999999940 
0.00000000099999999928 0.00000000099999999928 0.00000000099999999928 0.99999999000000006077 0.00000000099999999928 0.00000000099999999928 0.00000000099999999928 0.00000000099999999928 0.00000000099999999928 0.00000000099999999928 0.00000000099999999928 
0.00000000099999999945 0.00000000099999999945 0.00000000099999999945 0.99999999000000006077 0.00000000099999999945 0.00000000099999999945 0.00000000099999999945 0.00000000099999999945 0.00000000099999999945 0.00000000099999999945 0.00000000099999999945 
0.00000000099999999940 0.00000000099999999940 0.00000000099999999940 0.99999999000000017180 0.00000000099999999940 0.00000000099999999940 0.00000000099999999940 0.00000000099999999940 0.00000000099999999940 0.00000000099999999940 0.00000000099999999940 
0.00000000099999999985 0.00000000099999999985 0.00000000099999999985 0.00000000099999999985 0.00000000099999999985 0.00000000099999999985 0.00000000099999999985 0.00000000099999999985 0.99999998999999994975 0.00000000099999999985 0.00000000099999999985 
0.00000000099999999977 0.00000000099999999977 0.00000000099999999977 0.00000000099999999977 0.00000000099999999977 0.00000000099999999977 0.00000000099999999977 0.00000000099999999977 0.99999999000000006077 0.00000000099999999977 0.00000000099999999977 
0.00000000099999999980 0.00000000099999999980 0.00000000099999999980 0.00000000099999999980 0.00000000099999999980 0.00000000099999999980 0.00000000099999999980 0.00000000099999999980 0.99999998999999994975 0.00000000099999999980 0.00000000099999999980 
0.00000000099999999989 0.00000000099999999989 0.00000000099999999989 0.00000000099999999989 0.00000000099999999989 0.00000000099999999989 0.00000000099999999989 0.00000000099999999989 0.99999999000000006077 0.00000000099999999989 0.00000000099999999989 
0.00000000099999999956 0.00000000099999999956 0.00000000099999999956 0.00000000099999999956 0.00000000099999999956 0.00000000099999999956 0.00000000099999999956 0.00000000099999999956 0.99999999000000006077 0.00000000099999999956 0.00000000099999999956 
0.00000000099999999993 0.00000000099999999993 0.03839674239681179629 0.00000000099999999993 0.00000000099999999993 0.00000000099999999993 0.00000000099999999993 0.00000000099999999993 0.96160324860318813212 0.00000000099999999993 0.00000000099999999993 
0.00000000099999999989 0.00000000099999999989 0.00000000099999999989 0.00000000099999999989 0.00000000099999999989 0.00000000099999999989 0.00000000099999999989 0.00000000099999999989 0.99999998999999994975 0.00000000099999999989 0.00000000099999999989 
0.00000000099999999988 0.00000000099999999988 0.00000000099999999988 0.00000000099999999988 0.00000000099999999988 0.00000000099999999988 0.00000000099999999988 0.00000000099999999988 0.99999998999999994975 0.00000000099999999988 0.00000000099999999988 
0.00000000099999999991 0.00000000099999999991 0.00000000099999999991 0.00000000099999999991 0.00000000099999999991 0.00000000099999999991 0.00000000099999999991 0.00000000099999999991 0.99999998999999994975 0.00000000099999999991 0.00000000099999999991 
0.00000000099999999989 0.00000000099999999989 0.00000000099999999989 0.00000000099999999989 0.00000000099999999989 0.00000000099999999989 0.00000000099999999989 0.00000000099999999989 0.99999998999999994975 0.00000000099999999989 0.00000000099999999989 
0.00000000099999999961 0.00000000099999999961 0.00000000099999999961 0.00000000099999999961 0.00000000099999999961 0.00000000099999999961 0.00000000099999999961 0.00000000099999999961 0.99999999000000006077 0.00000000099999999961 0.00000000099999999961 
0.00000000099999999996 0.00000000099999999996 0.01466367670703194216 0.00000000099999999996 0.00000000099999999996 0.00000000099999999996 0.00000000099999999996 0.00000000099999999996 0.98533631429296808513 0.00000000099999999996 0.00000000099999999996 
0.00000000099999999985 0.00000000099999999985 0.00000000099999999985 0.00000000099999999985 0.00000000099999999985 0.00000000099999999985 0.00000000099999999985 0.00000000099999999985 0.99999999000000006077 0.00000000099999999985 0.00000000099999999985 
0.00000000099999999985 0.00000000099999999985 0.00000000099999999985 0.00000000099999999985 0.00000000099999999985 0.00000000099999999985 0.00000000099999999985 0.00000000099999999985 0.00000000099999999985 0.99999999000000006077 0.00000000099999999985 
0.00000000099999999993 0.00022271789616638759 0.00000000099999999993 0.00000000099999999993 0.00000000099999999993 0.00000000099999999993 0.00000000099999999993 0.85608383409648314277 0.00000000099999999993 0.12708792238287364151 0.01660551862447678592 
0.00000000099999999991 0.00000000099999999991 0.00000000099999999991 0.00000000099999999991 0.00000000099999999991 0.00000000099999999991 0.00000000099999999991 0.00000000099999999991 0.00000000099999999991 0.99999998999999994975 0.00000000099999999991 
0.00000000099999999995 0.07596138640553289079 0.00000000099999999995 0.00000000099999999995 0.00000000099999999995 0.00000000099999999995 0.00000000099999999995 0.77920407010993109065 0.00000000099999999995 0.14483328632923414547 0.00000125015530187643 
0.00000000099999999993 0.05712580660620261708 0.00000000099999999993 0.00000000099999999993 0.00000000099999999993 0.00000000099999999993 0.00000000099999999993 0.77065897583457798614 0.00000000099999999993 0.17221518192688306526 0.00000002863233624839 
0.00000000099999999987 0.00000000099999999987 0.00000000099999999987 0.00000000099999999987 0.00000000099999999987 0.00000000099999999987 0.00000000099999999987 0.00000000099999999987 0.00000000099999999987 0.99999999000000006077 0.00000000099999999987 
0.00000000099999999983 0.00000000099999999983 0.00000000099999999983 0.00000000099999999983 0.00000000099999999983 0.00000000099999999983 0.00000000099999999983 0.00000000099999999983 0.00000000099999999983 0.99999999000000006077 0.00000000099999999983 
0.00000000099999999994 0.07103716956214731204 0.00000000099999999994 0.00000000099999999994 0.00000000099999999994 0.00000000099999999994 0.00000000099999999994 0.68534147286036861679 0.00000000099999999994 0.17298559153151876755 0.07063575904596548771 
0.00000000099999999989 0.00000000099999999989 0.00000000099999999989 0.00000000099999999989 0.00000000099999999989 0.00000000099999999989 0.00000000099999999989 0.00000000099999999989 0.00000000099999999989 0.99999998999999994975 0.00000000099999999989 
0.00000000099999999990 0.00000000099999999990 0.00000000099999999990 0.00000000099999999990 0.00000000099999999990 0.00000000099999999990 0.00000000099999999990 0.00000000099999999990 0.00000000099999999990 0.99999998999999994975 0.00000000099999999990 
0.00000000099999999991 0.00000000099999999991 0.00000000099999999991 0.00000000099999999991 0.00000000099999999991 0.00000000099999999991 0.00000000099999999991 0.00000000099999999991 0.00000000099999999991 0.99999998999999994975 0.00000000099999999991 
0.00000000099999999989 0.00000000099999999989 0.00000000099999999989 0.00000000099999999989 0.00000000099999999989 0.00000000099999999989 0.00000000099999999989 0.00000000099999999989 0.00000000099999999989 0.99999998999999994975 0.00000000099999999989 
0.00000000099999999991 0.00000000099999999991 0.00000000099999999991 0.00000000099999999991 0.00000000099999999991 0.00000000099999999991 0.00000000099999999991 0.00000000099999999991 0.00000000099999999991 0.99999998999999994975 0.00000000099999999991 
0.00000000099999999995 0.00000000099999999995 0.00000000099999999995 0.00000000099999999995 0.00000000099999999995 0.00000000099999999995 0.00000000099999999995 0.00000000099999999995 0.00000000099999999995 0.99999999000000006077 0.00000000099999999995 
0.00000000099999999992 0.00000000099999999992 0.00000000099999999992 0.00000000099999999992 0.00000000099999999992 0.00000000099999999992 0.00000000099999999992 0.00000000099999999992 0.00000000099999999992 0.99999999000000006077 0.00000000099999999992 
0.00021777072558915055 0.02157709998491387851 0.00006764047640419262 0.00000000100000000000 0.00000002579486835864 0.00595111107218900849 0.02225156617852877203 0.77498949731629696025 0.00002490016623326280 0.12408129776345638851 0.05083908952151997007 
0.00000000099999999989 0.00000000099999999989 0.00000000099999999989 0.00000000099999999989 0.00000000099999999989 0.00000000099999999989 0.00000000099999999989 0.00000000099999999989 0.00000000099999999989 0.99999998999999994975 0.00000000099999999989 
0.00000000099999999990 0.00000000099999999990 0.00000000099999999990 0.00000000099999999990 0.00000000099999999990 0.00000000099999999990 0.00000000099999999990 0.00000000099999999990 0.00000000099999999990 0.99999999000000006077 0.00000000099999999990 
0.00000000099999999975 0.99999999000000017180 0.00000000099999999975 0.00000000099999999975 0.00000000099999999975 0.00000000099999999975 0.00000000099999999975 0.00000000099999999975 0.00000000099999999975 0.00000000099999999975 0.00000000099999999975 
0.00000000099999999984 0.81521123111064774935 0.00000000099999999984 0.00000000099999999984 0.00000000099999999984 0.00000000099999999984 0.00000000099999999984 0.18478875988935239416 0.00000000099999999984 0.00000000099999999984 0.00000000099999999984 
0.00000000099999999960 0.99999999000000017180 0.00000000099999999960 0.00000000099999999960 0.00000000099999999960 0.00000000099999999960 0.00000000099999999960 0.00000000099999999960 0.00000000099999999960 0.00000000099999999960 0.00000000099999999960 
0.00000000099999999984 0.63894941132398330730 0.00000000099999999984 0.00000000099999999984 0.00000000099999999984 0.00000000099999999984 0.00000000099999999984 0.36105057967601678071 0.00000000099999999984 0.00000000099999999984 0.00000000099999999984 
0.00000000099999999970 0.99999999000000028282 0.00000000099999999970 0.00000000099999999970 0.00000000099999999970 0.00000000099999999970 0.00000000099999999970 0.00000000099999999970 0.00000000099999999970 0.00000000099999999970 0.00000000099999999970 
0.00000000099999999972 0.99999999000000017180 0.00000000099999999972 0.00000000099999999972 0.00000000099999999972 0.00000000099999999972 0.00000000099999999972 0.00000000099999999972 0.00000000099999999972 0.00000000099999999972 0.00000000099999999972 
0.00000000099999999985 0.40779731877891783887 0.00000000099999999985 0.00000000099999999985 0.00000000099999999985 0.00000000099999999985 0.00000000099999999985 0.56172013922818109233 0.00000000099999999985 0.00000000099999999985 0.03048253399290105914 
0.00000000099999999961 0.99999999000000017180 0.00000000099999999961 0.00000000099999999961 0.00000000099999999961 0.00000000099999999961 0.00000000099999999961 0.00000000099999999961 0.00000000099999999961 0.00000000099999999961 0.00000000099999999961 
0.00000000099999999979 0.99999999000000028282 0.00000000099999999979 0.00000000099999999979 0.00000000099999999979 0.00000000099999999979 0.00000000099999999979 0.00000000099999999979 0.00000000099999999979 0.00000000099999999979 0.00000000099999999979 
0.00000000099999999965 0.99999999000000017180 0.00000000099999999965 0.00000000099999999965 0.00000000099999999965 0.00000000099999999965 0.00000000099999999965 0.00000000099999999965 0.00000000099999999965 0.00000000099999999965 0.00000000099999999965 
0.00000000099999999960 0.99999999000000028282 0.00000000099999999960 0.00000000099999999960 0.00000000099999999960 0.00000000099999999960 0.00000000099999999960 0.00000000099999999960 0.00000000099999999960 0.00000000099999999960 0.00000000099999999960 
0.00000000099999999964 0.99999999000000017180 0.00000000099999999964 0.00000000099999999964 0.00000000099999999964 0.00000000099999999964 0.00000000099999999964 0.00000000099999999964 0.00000000099999999964 0.00000000099999999964 0.00000000099999999964 
0.00000000099999999969 0.99999999000000017180 0.00000000099999999969 0.00000000099999999969 0.00000000099999999969 0.00000000099999999969 0.00000000099999999969 0.00000000099999999969 0.00000000099999999969 0.00000000099999999969 0.00000000099999999969 
0.00000000099999999951 0.99999999000000017180 0.00000000099999999951 0.00000000099999999951 0.00000000099999999951 0.00000000099999999951 0.00000000099999999951 0.00000000099999999951 0.00000000099999999951 0.00000000099999999951 0.00000000099999999951 
0.00000000099999999970 0.99903730084028297131 0.00000000099999999970 0.00000000099999999970 0.00000000099999999970 0.00000000099999999970 0.00000000099999999970 0.00096269015971734372 0.00000000099999999970 0.00000000099999999970 0.00000000099999999970 
0.00000000099999999975 0.99999999000000028282 0.00000000099999999975 0.00000000099999999975 0.00000000099999999975 0.00000000099999999975 0.00000000099999999975 0.00000000099999999975 0.00000000099999999975 0.00000000099999999975 0.00000000099999999975 
0.00000000099999999926 0.00000000099999999926 0.00000000099999999926 0.00000000099999999926 0.00000000099999999926 0.00000000099999999926 0.00000000099999999926 0.00000000099999999926 0.00000000099999999926 0.00000000099999999926 0.99999999000000006077 
0.00000000099999999909 0.00000000099999999909 0.00000000099999999909 0.00000000099999999909 0.00000000099999999909 0.00000000099999999909 0.00000000099999999909 0.00000000099999999909 0.00000000099999999909 0.00000000099999999909 0.99999999000000006077 
0.00000000099999999972 0.00000203533780254129 0.00000000099999999972 0.00000000099999999972 0.00000000099999999972 0.00000000099999999972 0.00000000099999999972 0.88578215650568359329 0.00000000099999999972 0.00000000099999999972 0.11421580015651380813 
0.00000000099999999976 0.12397690778346041884 0.00000000099999999976 0.00000000099999999976 0.00000000099999999976 0.00000000099999999976 0.00000000099999999976 0.82524915542785104439 0.00000000099999999976 0.00000000099999999976 0.05077392878868875609 
0.00000000099999999988 0.03747056580669464593 0.00000000099999999988 0.00000000099999999988 0.00000000099999999988 0.00000000099999999988 0.00000000099999999988 0.91237097346081719174 0.00000000099999999988 0.00000000099999999988 0.05015845273248821512 
0.00000000099999999979 0.04638001718593947470 0.00000000099999999979 0.00000000099999999979 0.00000000099999999979 0.00000000099999999979 0.00000000099999999979 0.86995657419955407796 0.00000000099999999979 0.00000000099999999979 0.08366340061450647236 
0.00000000099999999999 0.41026952609482342238 0.00000000099999999999 0.00000000099999999999 0.00000000099999999999 0.00000000099999999999 0.00000000099999999999 0.51014217487363733294 0.00000000099999999999 0.01769710589459564873 0.06189118613694356147 
0.00014103394506216865 0.29502166626313441888 0.00000001345818721211 0.00000000100000000000 0.00000000100000000000 0.02304855716270342442 0.00691108550020681431 0.60338471316757624763 0.00013974278059158285 0.00159384079930116867 0.06975934492323679348 
0.09811957508408629403 0.32354296017340611336 0.00076635731074069181 0.00000001844277786877 0.00000861658565645468 0.00021273053652359623 0.00112933703302174940 0.51448916017909684939 0.00256166699174994799 0.03036506473357648492 0.02880451292936398594 
0.00000000099999999990 0.26271061258691547069 0.00000000099999999990 0.00000000099999999990 0.00000000099999999990 0.00000000099999999990 0.00000000099999999990 0.73214002742150741110 0.00000000099999999990 0.00000000099999999990 0.00514935199157704783 
0.00000000099999999989 0.32371088750253018684 0.00000000099999999989 0.00000000099999999989 0.00000000099999999989 0.00000000099999999989 0.00000000099999999989 0.62258858515394288613 0.00000000099999999989 0.00000000099999999989 0.05370051934352693818 
0.00000000099999999993 0.32301574726017928674 0.00000000099999999993 0.00000000099999999993 0.00000000099999999993 0.00000000099999999993 0.00000000099999999993 0.65568726785825359737 0.00000000099999999993 0.00000000099999999993 0.02129697688156709581 
0.00000000099999999979 0.00023031466488731580 0.00000000099999999979 0.00000000099999999979 0.00000000099999999979 0.00000000099999999979 0.00000000099999999979 0.94655999371322074865 0.00000000099999999979 0.00000000099999999979 0.05320968362189203854 
0.00000000099999999979 0.06887666147473310574 0.00000000099999999979 0.00000000099999999979 0.00000000099999999979 0.00000000099999999979 0.00000000099999999979 0.88218019894157861938 0.00000000099999999979 0.00000000099999999979 0.04894313158368824440 
0.00000000099999999981 0.12885654346031757966 0.00000000099999999981 0.00000000099999999981 0.00000000099999999981 0.00000000099999999981 0.00000000099999999981 0.84572835393886780508 0.00000000099999999981 0.00000000099999999981 0.02541509460081453273 
0.00000000099999999972 0.00000000099999999972 0.00000000099999999972 0.00000000099999999972 0.00000000099999999972 0.00000000099999999972 0.00000000099999999972 0.95562217843563401765 0.00000000099999999972 0.00000000099999999972 0.04437781256436608424 
0.00000000099999999983 0.02729353258371624083 0.00000000099999999983 0.00000000099999999983 0.00000000099999999983 0.00000000099999999983 0.00000000099999999983 0.96308494039648928631 0.00000000099999999983 0.00000000099999999983 0.00962151901979443544 
0.00000000099999999974 0.00000000099999999974 0.00000000099999999974 0.00000000099999999974 0.00000000099999999974 0.00000000099999999974 0.00000000099999999974 0.99999998999999994975 0.00000000099999999974 0.00000000099999999974 0.00000000099999999974 
0.00000000099999999977 0.02268548972013533296 0.00000000099999999977 0.00000000099999999977 0.00000000099999999977 0.00000000099999999977 0.00000000099999999977 0.93435343717639929295 0.00000000099999999977 0.00000000099999999977 0.04296106510346547891 
0.00000000099999999974 0.00000000099999999974 0.00000000099999999974 0.00000000099999999974 0.00000000099999999974 0.00000000099999999974 0.00000000099999999974 0.92199298778016891553 0.00000000099999999974 0.00000000099999999974 0.07800700321983117247 
0.00000000099999999981 0.01879928538521655895 0.00000000099999999981 0.00000000099999999981 0.00000000099999999981 0.00000000099999999981 0.00000000099999999981 0.96313847839016097918 0.00000000099999999981 0.00000000099999999981 0.01806222822462255975 
0.00000000099999999976 0.05020969008937885281 0.00000000099999999976 0.00000000099999999976 0.00000000099999999976 0.00000000099999999976 0.00000000099999999976 0.92790183915332935527 0.00000000099999999976 0.00000000099999999976 0.02188846275729179960 
0.00000000099999999980 0.01472443579822949045 0.00000000099999999980 0.00000000099999999980 0.00000000099999999980 0.00000000099999999980 0.00000000099999999980 0.92155330633091303572 0.00000000099999999980 0.00000000099999999980 0.06372224987085757519 
0.00000000099999999987 0.02289122839828269806 0.00000000099999999987 0.00000000099999999987 0.00000000099999999987 0.00000000099999999987 0.00000000099999999987 0.91378388163377377573 0.00000000099999999987 0.00000000099999999987 0.06332488196794359980 
0.00000000099999999984 0.01532767475480672180 0.00000000099999999984 0.00000000099999999984 0.00000000099999999984 0.00000000099999999984 0.00000000099999999984 0.95294035811119204293 0.00000000099999999984 0.00000000099999999984 0.03173195913400125162 
0.00000000099999999985 0.00000053094564641556 0.00000000099999999985 0.00000000099999999985 0.00000000099999999985 0.00000000099999999985 0.00000000099999999985 0.99979501856621022515 0.00000000099999999985 0.00000000099999999985 0.00020444248814338269 
0.00000000099999999984 0.01301341395695538271 0.00000000099999999984 0.00000000099999999984 0.00000000099999999984 0.00000000099999999984 0.00000000099999999984 0.90541959269105443120 0.00000000099999999984 0.00000000099999999984 0.08156698535199022326 
0.00000000099999999992 0.01275632742541400570 0.00000000099999999992 0.00000000099999999992 0.00000000099999999992 0.00000000099999999992 0.00000000099999999992 0.92389485879564470228 0.00000000099999999992 0.00000000099999999992 0.06334880577894140552 
0.00000000099999999985 0.00195317662959995468 0.00000000099999999985 0.00000000099999999985 0.00000000099999999985 0.00000000099999999985 0.00000000099999999985 0.93337727010595572530 0.00000000099999999985 0.00000000099999999985 0.06466954526444433637 
0.00000000099999999978 0.03773084284680829764 0.00000000099999999978 0.00000000099999999978 0.00000000099999999978 0.00000000099999999978 0.00000000099999999978 0.91227414201643397540 0.00000000099999999978 0.00000000099999999978 0.04999500713675777280 
