0.00000000099999999982 0.00000000099999999982 0.00000000099999999982 0.00000000099999999982 0.00000000099999999982 0.00000000099999999982 0.00000000099999999982 0.00000000099999999982 0.99999998900000008906 0.00000000099999999982 0.00000000099999999982 0.00000000099999999982 
0.00000000099999999986 0.00000000099999999986 0.00000000099999999986 0.00000000099999999986 0.00000000099999999986 0.00000000099999999986 0.00000000099999999986 0.00000000099999999986 0.99999998899999997803 0.00000000099999999986 0.00000000099999999986 0.00000000099999999986 
0.00000000099999999987 0.26687241518389870354 0.00000000099999999987 0.00000000099999999987 0.00000000099999999987 0.00000000099999999987 0.00000000099999999987 0.00000000099999999987 0.73312757481610113519 0.00000000099999999987 0.00000000099999999987 0.00000000099999999987 
0.00000000099999999988 0.00000000099999999988 0.00000000099999999988 0.00000000099999999988 0.00000000099999999988 0.18786880553859461318 0.00000000099999999988 0.00000000099999999988 0.61076972718523869776 0.20136145827616658277 0.00000000099999999988 0.00000000099999999988 
0.00000000099999999988 0.25492195139046880392 0.00000000099999999988 0.00000000099999999988 0.00000000099999999988 0.00000000231494288560 0.00000000099999999988 0.00000000099999999988 0.52177390906185949770 0.22330412923272863202 0.00000000099999999988 0.00000000099999999988 
0.00000000099999999990 0.23961496167220494580 0.00000000099999999990 0.00000000099999999990 0.00000000099999999990 0.00000000099999999990 0.00000000099999999990 0.00000000099999999990 0.54548185125076664725 0.21490317807702841169 0.00000000099999999990 0.00000000099999999990 
0.00000000099999999984 0.00000000099999999984 0.00000000099999999984 0.00000000099999999984 0.00000000099999999984 0.00000000099999999984 0.00000000099999999984 0.00000000099999999984 0.99999998899999997803 0.00000000099999999984 0.00000000099999999984 0.00000000099999999984 
0.00000000099999999987 0.33273996435601194133 0.00000000099999999987 0.00000000099999999987 0.00000000099999999987 0.00000000099999999987 0.00000000099999999987 0.00000000099999999987 0.66726002564398789740 0.00000000099999999987 0.00000000099999999987 0.00000000099999999987 
0.00000000099999999991 0.15155989316514603682 0.00000000099999999991 0.00000000099999999991 0.00000000099999999991 0.16527432350454521193 0.00000000099999999991 0.00000000099999999991 0.50192468710779403196 0.18124108822251475126 0.00000000099999999991 0.00000000099999999991 
0.00000000099999999992 0.21668287762259696994 0.00000000099999999992 0.00000000099999999992 0.00000000099999999992 0.12366395120695129750 0.00000000099999999992 0.00000000099999999992 0.53948675881410823596 0.12016640435634332040 0.00000000099999999992 0.00000000099999999992 
0.00000000099999999988 0.24072865523994846360 0.00000000099999999988 0.00000000099999999988 0.00000000099999999988 0.00000000099999999988 0.00000000099999999988 0.00000000099999999988 0.50678737238095705742 0.25248396337909456699 0.00000000099999999988 0.00000000099999999988 
0.00000000099999999987 0.16947942914559702143 0.00000000099999999987 0.00000000099999999987 0.00000000099999999987 0.00000000099999999987 0.00000000099999999987 0.00000000099999999987 0.54245005152332892440 0.28807051033107400340 0.00000000099999999987 0.00000000099999999987 
0.00000000099999999987 0.00000000099999999987 0.00000000099999999987 0.00000000099999999987 0.00000000099999999987 0.00000000099999999987 0.00000000099999999987 0.00000000099999999987 0.99999998900000008906 0.00000000099999999987 0.00000000099999999987 0.00000000099999999987 
0.00000000099999999982 0.00000000099999999982 0.00000000099999999982 0.00000000099999999982 0.00000000099999999982 0.00000000099999999982 0.00000000099999999982 0.00000000099999999982 0.99999998899999997803 0.00000000099999999982 0.00000000099999999982 0.00000000099999999982 
0.00000000099999999982 0.00000000099999999982 0.00000000099999999982 0.00000000099999999982 0.00000000099999999982 0.00001208377447980705 0.00000000099999999982 0.00000000099999999982 0.99998790622552025109 0.00000000099999999982 0.00000000099999999982 0.00000000099999999982 
0.00000000099999999988 0.27705923620907579874 0.00000000099999999988 0.00000000099999999988 0.00000000099999999988 0.00000000099999999988 0.00000000099999999988 0.00000000099999999988 0.49394518515776308920 0.22899556963316086700 0.00000000099999999988 0.00000000099999999988 
0.00000000099999999989 0.24706891718995871443 0.00000000099999999989 0.00000000099999999989 0.00000000099999999989 0.00000000099999999989 0.00000000099999999989 0.00000000099999999989 0.75293107281004123532 0.00000000099999999989 0.00000000099999999989 0.00000000099999999989 
0.00000000099999999989 0.00000000099999999989 0.00000000099999999989 0.00000000099999999989 0.00000000099999999989 0.00000000099999999989 0.00000000099999999989 0.00000000099999999989 0.67805102557265761742 0.32194896442734244335 0.00000000099999999989 0.00000000099999999989 
0.00000000099999999949 0.00000000099999999949 0.00000000099999999949 0.00000000099999999949 0.00000000099999999949 0.99999998900000020008 0.00000000099999999949 0.00000000099999999949 0.00000000099999999949 0.00000000099999999949 0.00000000099999999949 0.00000000099999999949 
0.00000000099999999989 0.00000000099999999989 0.00000000099999999989 0.00000000099999999989 0.00000000099999999989 0.20533545914540354826 0.00000000099999999989 0.00000000099999999989 0.59361340107852400561 0.20105113077607250638 0.00000000099999999989 0.00000000099999999989 
0.00000000099999999997 0.07570881340572405138 0.00000000099999999997 0.00000000099999999997 0.00000000099999999997 0.10655238854627202549 0.00000000099999999997 0.00000000099999999997 0.57994551118022164005 0.23779327886778234280 0.00000000099999999997 0.00000000099999999997 
0.00000000099999999983 0.00000000099999999983 0.00000000099999999983 0.00000000099999999983 0.00000000099999999983 0.00000000099999999983 0.00000000099999999983 0.00000000099999999983 0.99999998900000008906 0.00000000099999999983 0.00000000099999999983 0.00000000099999999983 
0.00000000099999999996 0.35373637269476410072 0.00000000099999999996 0.00000000099999999996 0.00000000099999999996 0.05878848242138268870 0.00000000099999999996 0.00000000099999999996 0.45289519941674033499 0.13457993746711283123 0.00000000099999999996 0.00000000099999999996 
0.00000000099999999989 0.00695435405212781708 0.00000000099999999989 0.00000000099999999989 0.00000000099999999989 0.18936982524060175237 0.00000000099999999989 0.00000000099999999989 0.56965118417242965876 0.23402462853484068406 0.00000000099999999989 0.00000000099999999989 
0.00000000099999999988 0.20349084763562702571 0.00000000099999999988 0.00000000099999999988 0.00000000099999999988 0.00000000099999999988 0.00000000099999999988 0.00000000099999999988 0.79637830349793614637 0.00013083986643678571 0.00000000099999999988 0.00000000099999999988 
0.00000000099999999993 0.19879795265351901667 0.00000000099999999993 0.00000000099999999993 0.00000000099999999993 0.23818731240424845241 0.00000000099999999993 0.00000000099999999993 0.51293019419626317834 0.05008453274596939842 0.00000000099999999993 0.00000000099999999993 
0.00000000099999999985 0.00000000099999999985 0.00000000099999999985 0.00000000099999999985 0.00000000099999999985 0.00000000099999999985 0.00000000099999999985 0.00000000099999999985 0.62286532722333409762 0.37713466277666607418 0.00000000099999999985 0.00000000099999999985 
0.00000000099999999990 0.25337570472715648107 0.00000000099999999990 0.00000000099999999990 0.00000000099999999990 0.00084355590572676492 0.00000000099999999990 0.00000000099999999990 0.54943810141801496805 0.19634262994910167688 0.00000000099999999990 0.00000000099999999990 
0.00000000099999999996 0.03618411151502748391 0.00000000099999999996 0.00000000099999999996 0.00000000099999999996 0.22674218944756677208 0.00000000099999999996 0.00000000099999999996 0.55140512702946198331 0.18566856400794368165 0.00000000099999999996 0.00000000099999999996 
0.00000000099999999989 0.00000007458000171045 0.00000000099999999989 0.00000000099999999989 0.00000000099999999989 0.24494121830947213070 0.00000000099999999989 0.00000000099999999989 0.75505869811052617191 0.00000000099999999989 0.00000000099999999989 0.00000000099999999989 
0.00000000099999999985 0.00000000099999999985 0.00000000099999999985 0.00000000099999999985 0.00000000099999999985 0.24619795526343252190 0.00000000099999999985 0.00000000099999999985 0.75380203473656759439 0.00000000099999999985 0.00000000099999999985 0.00000000099999999985 
0.00000000099999999988 0.00000000099999999988 0.00000000099999999988 0.00000000099999999988 0.00000000099999999988 0.22219340498560422037 0.00000000099999999988 0.00000000099999999988 0.77780658501439592367 0.00000000099999999988 0.00000000099999999988 0.00000000099999999988 
0.00000000099999999989 0.00001757014477644168 0.00000000099999999989 0.00000000099999999989 0.00000000099999999989 0.20103136234532106852 0.00000000099999999989 0.00000000099999999989 0.55912540532693122408 0.23982565418297130400 0.00000000099999999989 0.00000000099999999989 
0.00000000099999999997 0.32480466296954046967 0.00000000099999999997 0.00000000099999999997 0.00000000099999999997 0.15752009673278075108 0.00000000099999999997 0.00000000099999999997 0.47732371744846374684 0.04035151484921494641 0.00000000099999999997 0.00000000099999999997 
0.00000000099999999988 0.00000001818834125528 0.00000000099999999988 0.00000000099999999988 0.00000000099999999988 0.01077008928838122520 0.00000000099999999988 0.00000000099999999988 0.61695647851120882788 0.37227340601206876380 0.00000000099999999988 0.00000000099999999988 
0.00000000099999999982 0.00000000099999999982 0.00000000099999999982 0.00000000099999999982 0.00000000099999999982 0.00000000099999999982 0.00000000099999999982 0.00000000099999999982 0.99999998900000008906 0.00000000099999999982 0.00000000099999999982 0.00000000099999999982 
0.00000000099999999988 0.21424731404569832827 0.00000000099999999988 0.00000000099999999988 0.00000000099999999988 0.12822922104211095795 0.00000000099999999988 0.00000000099999999988 0.44313269063844257234 0.21439076627374800688 0.00000000099999999988 0.00000000099999999988 
0.00000000099999999983 0.00000000099999999983 0.00000000099999999983 0.00000000099999999983 0.00000000099999999983 0.00000000099999999983 0.00000000099999999983 0.00000000099999999983 0.99999998900000008906 0.00000000099999999983 0.00000000099999999983 0.00000000099999999983 
0.00000000099999999990 0.26203601934684594976 0.00000000099999999990 0.00000000099999999990 0.00000000099999999990 0.00000004902576005202 0.00000000099999999990 0.00000000099999999990 0.51560146499047720958 0.22236245863691664337 0.00000000099999999990 0.00000000099999999990 
0.00000000099999999963 0.99999998900000020008 0.00000000099999999963 0.00000000099999999963 0.00000000099999999963 0.00000000099999999963 0.00000000099999999963 0.00000000099999999963 0.00000000099999999963 0.00000000099999999963 0.00000000099999999963 0.00000000099999999963 
0.00000000099999999990 0.26801194238981462803 0.00000000099999999990 0.00000000099999999990 0.00000000099999999990 0.00000000099999999990 0.00000000099999999990 0.00000000099999999990 0.73198804462823707784 0.00000000398194812772 0.00000000099999999990 0.00000000099999999990 
0.00000000333271548797 0.66212177785136983044 0.00000297515695141036 0.00000001205778934560 0.00254890113566654496 0.02984581535771597960 0.00000000100000000000 0.00000000100000000000 0.08127331728700061542 0.22399833733064616892 0.00000000100000000000 0.00020885749014453134 
0.00000000099999999993 0.16000378261424685888 0.00000000099999999993 0.00000000099999999993 0.00000000099999999993 0.17120883311516793546 0.00000000099999999993 0.00000000099999999993 0.56788651636198173023 0.10090085990860346576 0.00000000099999999993 0.00000000099999999993 
0.00000000099999999969 0.99999998900000020008 0.00000000099999999969 0.00000000099999999969 0.00000000099999999969 0.00000000099999999969 0.00000000099999999969 0.00000000099999999969 0.00000000099999999969 0.00000000099999999969 0.00000000099999999969 0.00000000099999999969 
0.00000000099999999958 0.99999998900000020008 0.00000000099999999958 0.00000000099999999958 0.00000000099999999958 0.00000000099999999958 0.00000000099999999958 0.00000000099999999958 0.00000000099999999958 0.00000000099999999958 0.00000000099999999958 0.00000000099999999958 
0.00000000099999999986 0.00000000099999999986 0.00000000099999999986 0.00000000099999999986 0.00000000099999999986 0.00000000099999999986 0.00000000099999999986 0.00000000099999999986 0.66899045153739589153 0.33100953846260411373 0.00000000099999999986 0.00000000099999999986 
0.00000000099999999985 0.00000000099999999985 0.00000000099999999985 0.00000000099999999985 0.00000000099999999985 0.00000000099999999985 0.00000000099999999985 0.00000000099999999985 0.99999998899999997803 0.00000000099999999985 0.00000000099999999985 0.00000000099999999985 
0.00000000099999999987 0.34003735225735909342 0.00000000099999999987 0.00000000099999999987 0.00000000099999999987 0.00000000099999999987 0.00000000099999999987 0.00000000099999999987 0.65981848599889669771 0.00014415274374408754 0.00000000099999999987 0.00000000099999999987 
0.00000000099999999991 0.24101791334362882013 0.00000000099999999991 0.00000000099999999991 0.00000000099999999991 0.00000316695234588779 0.00000000099999999991 0.00000000099999999991 0.48086994692631285231 0.27810896477771246404 0.00000000099999999991 0.00000000099999999991 
0.00000000099999999968 0.99999998900000031110 0.00000000099999999968 0.00000000099999999968 0.00000000099999999968 0.00000000099999999968 0.00000000099999999968 0.00000000099999999968 0.00000000099999999968 0.00000000099999999968 0.00000000099999999968 0.00000000099999999968 
0.00000265573026023343 0.33900523922232167484 0.00000000099999999999 0.00000106479289952567 0.01635437922022882698 0.00004163126540329679 0.00004675919744774615 0.00000000099999999999 0.64395796423166384859 0.00059030233977480379 0.00000000099999999999 0.00000000099999999999 
0.00000000099999999936 0.00000000099999999936 0.00000000099999999936 0.99999998900000020008 0.00000000099999999936 0.00000000099999999936 0.00000000099999999936 0.00000000099999999936 0.00000000099999999936 0.00000000099999999936 0.00000000099999999936 0.00000000099999999936 
0.00000000099999999948 0.00000000099999999948 0.00000000099999999948 0.99999998900000020008 0.00000000099999999948 0.00000000099999999948 0.00000000099999999948 0.00000000099999999948 0.00000000099999999948 0.00000000099999999948 0.00000000099999999948 0.00000000099999999948 
0.00000000099999999945 0.00000000099999999945 0.00000000099999999945 0.99999998900000008906 0.00000000099999999945 0.00000000099999999945 0.00000000099999999945 0.00000000099999999945 0.00000000099999999945 0.00000000099999999945 0.00000000099999999945 0.00000000099999999945 
0.00000000099999999949 0.00000000099999999949 0.00000000099999999949 0.99999998900000020008 0.00000000099999999949 0.00000000099999999949 0.00000000099999999949 0.00000000099999999949 0.00000000099999999949 0.00000000099999999949 0.00000000099999999949 0.00000000099999999949 
0.00000000099999999936 0.00000000099999999936 0.00000000099999999936 0.99999998900000020008 0.00000000099999999936 0.00000000099999999936 0.00000000099999999936 0.00000000099999999936 0.00000000099999999936 0.00000000099999999936 0.00000000099999999936 0.00000000099999999936 
0.00000000099999999934 0.00000000099999999934 0.00000000099999999934 0.00000000099999999934 0.00000000099999999934 0.00000000099999999934 0.00000000099999999934 0.00000000099999999934 0.00000000099999999934 0.00000000099999999934 0.99999998899999986701 0.00000000099999999934 
0.00000000099999999933 0.00000000099999999933 0.00000000099999999933 0.00000000099999999933 0.00000000099999999933 0.00000000099999999933 0.00000000099999999933 0.00000000099999999933 0.00000000099999999933 0.00000000099999999933 0.99999998899999986701 0.00000000099999999933 
0.00000000099999999929 0.00000000099999999929 0.00000000099999999929 0.00000000099999999929 0.00000000099999999929 0.00000000099999999929 0.00000000099999999929 0.00000000099999999929 0.00000000099999999929 0.00000000099999999929 0.99999998899999997803 0.00000000099999999929 
0.00000000099999999927 0.00000000099999999927 0.00000000099999999927 0.00000000099999999927 0.00000000099999999927 0.00000000099999999927 0.00000000099999999927 0.00000000099999999927 0.00000000099999999927 0.00000000099999999927 0.99999998899999997803 0.00000000099999999927 
0.00000000099999999923 0.00000000099999999923 0.00000000099999999923 0.00000000099999999923 0.00000000099999999923 0.00000000099999999923 0.00000000099999999923 0.00000000099999999923 0.00000000099999999923 0.00000000099999999923 0.99999998899999986701 0.00000000099999999923 
0.00000000099999999937 0.00000000099999999937 0.00000000099999999937 0.00000000099999999937 0.00000000099999999937 0.00000000099999999937 0.00000000099999999937 0.00000000099999999937 0.00000000099999999937 0.00000000099999999937 0.99999998899999997803 0.00000000099999999937 
0.00000000099999999909 0.00000000099999999909 0.00000000099999999909 0.00000000099999999909 0.00000000099999999909 0.00000000099999999909 0.00000000099999999909 0.00000000099999999909 0.00000000099999999909 0.00000000099999999909 0.99999998899999986701 0.00000000099999999909 
0.00000000099999999932 0.00000000099999999932 0.00000000099999999932 0.00000000099999999932 0.00000000099999999932 0.00000000099999999932 0.00000000099999999932 0.00000000099999999932 0.00000000099999999932 0.00000000099999999932 0.99999998899999997803 0.00000000099999999932 
0.00000000099999999920 0.00000000099999999920 0.00000000099999999920 0.00000000099999999920 0.00000000099999999920 0.00000000099999999920 0.00000000099999999920 0.00000000099999999920 0.00000000099999999920 0.00000000099999999920 0.99999998899999986701 0.00000000099999999920 
0.00000000099999999934 0.00000000099999999934 0.00000000099999999934 0.00000000099999999934 0.00000000099999999934 0.00000000099999999934 0.00000000099999999934 0.00000000099999999934 0.00000000099999999934 0.00000000099999999934 0.99999998899999997803 0.00000000099999999934 
0.00000000099999999939 0.00000000099999999939 0.00000000099999999939 0.00000000099999999939 0.00000000099999999939 0.00000000099999999939 0.00000000099999999939 0.00000000099999999939 0.00000000099999999939 0.00000000099999999939 0.99999998899999986701 0.00000000099999999939 
0.00000000099999999931 0.00000000099999999931 0.00000000099999999931 0.00000000099999999931 0.00000000099999999931 0.00000000099999999931 0.00000000099999999931 0.00000000099999999931 0.00000000099999999931 0.00000000099999999931 0.99999998899999986701 0.00000000099999999931 
0.00000000099999999929 0.00000000099999999929 0.00000000099999999929 0.00000000099999999929 0.00000000099999999929 0.00000000099999999929 0.00000000099999999929 0.00000000099999999929 0.00000000099999999929 0.00000000099999999929 0.99999998899999997803 0.00000000099999999929 
0.00000000099999999927 0.00000000099999999927 0.00000000099999999927 0.00000000099999999927 0.00000000099999999927 0.00000000099999999927 0.00000000099999999927 0.00000000099999999927 0.00000000099999999927 0.00000000099999999927 0.99999998899999986701 0.00000000099999999927 
0.00000000099999999929 0.00000000099999999929 0.00000000099999999929 0.00000000099999999929 0.00000000099999999929 0.00000000099999999929 0.00000000099999999929 0.00000000099999999929 0.00000000099999999929 0.00000000099999999929 0.99999998899999986701 0.00000000099999999929 
0.00000000099999999937 0.00000000099999999937 0.00000000099999999937 0.00000000099999999937 0.00000000099999999937 0.00000000099999999937 0.00000000099999999937 0.00000000099999999937 0.00000000099999999937 0.00000000099999999937 0.99999998899999986701 0.00000000099999999937 
0.00000000099999999938 0.00000000099999999938 0.00000000099999999938 0.00000000099999999938 0.00000000099999999938 0.00000000099999999938 0.00000000099999999938 0.00000000099999999938 0.00000000099999999938 0.00000000099999999938 0.99999998899999997803 0.00000000099999999938 
0.00000000099999999946 0.00000000099999999946 0.00000000099999999946 0.00000000099999999946 0.00000000099999999946 0.00000000099999999946 0.00000000099999999946 0.00000000099999999946 0.00000000099999999946 0.00000000099999999946 0.99999998899999986701 0.00000000099999999946 
0.00000000099999999933 0.00000000099999999933 0.00000000099999999933 0.00000000099999999933 0.00000000099999999933 0.00000000099999999933 0.00000000099999999933 0.00000000099999999933 0.00000000099999999933 0.00000000099999999933 0.99999998899999997803 0.00000000099999999933 
0.00000000099999999929 0.00000000099999999929 0.00000000099999999929 0.00000000099999999929 0.00000000099999999929 0.00000000099999999929 0.00000000099999999929 0.00000000099999999929 0.00000000099999999929 0.00000000099999999929 0.99999998899999986701 0.00000000099999999929 
0.00000000099999999934 0.00000000099999999934 0.00000000099999999934 0.00000000099999999934 0.00000000099999999934 0.00000000099999999934 0.00000000099999999934 0.00000000099999999934 0.00000000099999999934 0.00000000099999999934 0.99999998899999997803 0.00000000099999999934 
0.00000000099999999920 0.00000000099999999920 0.00000000099999999920 0.00000000099999999920 0.00000000099999999920 0.00000000099999999920 0.00000000099999999920 0.00000000099999999920 0.00000000099999999920 0.00000000099999999920 0.99999998899999986701 0.00000000099999999920 
0.00000000099999999939 0.00000000099999999939 0.00000000099999999939 0.00000000099999999939 0.00000000099999999939 0.00000000099999999939 0.00000000099999999939 0.00000000099999999939 0.00000000099999999939 0.00000000099999999939 0.99999998899999997803 0.00000000099999999939 
0.00000000099999999933 0.00000000099999999933 0.00000000099999999933 0.00000000099999999933 0.00000000099999999933 0.00000000099999999933 0.00000000099999999933 0.00000000099999999933 0.00000000099999999933 0.00000000099999999933 0.99999998899999997803 0.00000000099999999933 
0.00000000099999999983 0.00000000099999999983 0.99999998900000020008 0.00000000099999999983 0.00000000099999999983 0.00000000099999999983 0.00000000099999999983 0.00000000099999999983 0.00000000099999999983 0.00000000099999999983 0.00000000099999999983 0.00000000099999999983 
0.00000000099999999975 0.00000000099999999975 0.99999998900000008906 0.00000000099999999975 0.00000000099999999975 0.00000000099999999975 0.00000000099999999975 0.00000000099999999975 0.00000000099999999975 0.00000000099999999975 0.00000000099999999975 0.00000000099999999975 
0.00000000099999999978 0.00000000099999999978 0.99999998900000008906 0.00000000099999999978 0.00000000099999999978 0.00000000099999999978 0.00000000099999999978 0.00000000099999999978 0.00000000099999999978 0.00000000099999999978 0.00000000099999999978 0.00000000099999999978 
0.00000000099999999988 0.00000000099999999988 0.99999998900000020008 0.00000000099999999988 0.00000000099999999988 0.00000000099999999988 0.00000000099999999988 0.00000000099999999988 0.00000000099999999988 0.00000000099999999988 0.00000000099999999988 0.00000000099999999988 
0.00000000099999999952 0.00000000099999999952 0.99999998900000020008 0.00000000099999999952 0.00000000099999999952 0.00000000099999999952 0.00000000099999999952 0.00000000099999999952 0.00000000099999999952 0.00000000099999999952 0.00000000099999999952 0.00000000099999999952 
0.00000000099999999992 0.00000000099999999992 0.95927118320010806851 0.00000000099999999992 0.00000000099999999992 0.00000000099999999992 0.00000000099999999992 0.04072880679989205471 0.00000000099999999992 0.00000000099999999992 0.00000000099999999992 0.00000000099999999992 
0.00000000099999999988 0.00000000099999999988 0.99999998900000008906 0.00000000099999999988 0.00000000099999999988 0.00000000099999999988 0.00000000099999999988 0.00000000099999999988 0.00000000099999999988 0.00000000099999999988 0.00000000099999999988 0.00000000099999999988 
0.00000000099999999987 0.00000000099999999987 0.99999998900000008906 0.00000000099999999987 0.00000000099999999987 0.00000000099999999987 0.00000000099999999987 0.00000000099999999987 0.00000000099999999987 0.00000000099999999987 0.00000000099999999987 0.00000000099999999987 
0.00000000099999999990 0.00000000099999999990 0.99999998900000008906 0.00000000099999999990 0.00000000099999999990 0.00000000099999999990 0.00000000099999999990 0.00000000099999999990 0.00000000099999999990 0.00000000099999999990 0.00000000099999999990 0.00000000099999999990 
0.00000000099999999988 0.00000000099999999988 0.99999998900000008906 0.00000000099999999988 0.00000000099999999988 0.00000000099999999988 0.00000000099999999988 0.00000000099999999988 0.00000000099999999988 0.00000000099999999988 0.00000000099999999988 0.00000000099999999988 
0.00000000099999999957 0.00000000099999999957 0.99999998900000020008 0.00000000099999999957 0.00000000099999999957 0.00000000099999999957 0.00000000099999999957 0.00000000099999999957 0.00000000099999999957 0.00000000099999999957 0.00000000099999999957 0.00000000099999999957 
0.00000000099999999995 0.00000000099999999995 0.99999998900000020008 0.00000000099999999995 0.00000000099999999995 0.00000000099999999995 0.00000000099999999995 0.00000000099999999995 0.00000000099999999995 0.00000000099999999995 0.00000000099999999995 0.00000000099999999995 
0.00000000099999999984 0.00000000099999999984 0.99999998900000020008 0.00000000099999999984 0.00000000099999999984 0.00000000099999999984 0.00000000099999999984 0.00000000099999999984 0.00000000099999999984 0.00000000099999999984 0.00000000099999999984 0.00000000099999999984 
0.00000000099999999981 0.00000000099999999981 0.00000000099999999981 0.00000000099999999981 0.00000000099999999981 0.00000000099999999981 0.00000000099999999981 0.00000000099999999981 0.00000000099999999981 0.00000000099999999981 0.00000000099999999981 0.99999998900000008906 
0.71539855037941590954 0.00000000099999999990 0.00000000099999999990 0.15424148217612457246 0.08767480308537255185 0.00000000099999999990 0.00000000099999999990 0.00000000099999999990 0.00000000099999999990 0.00000000099999999990 0.00000000099999999990 0.04268515635908705363 
0.00000000099999999990 0.00000000099999999990 0.00000000099999999990 0.00000000099999999990 0.00000000099999999990 0.00000000099999999990 0.00000000099999999990 0.00000000099999999990 0.00000000099999999990 0.00000000099999999990 0.00000000099999999990 0.99999998899999997803 
0.62687554567309566877 0.00000000099999999995 0.00000000099999999995 0.09047502087154006556 0.17826457327087555371 0.00000000099999999995 0.00000000099999999995 0.00000000099999999995 0.00000000099999999995 0.00000000099999999995 0.00000000099999999995 0.10438485218448900760 
0.60855882983407560971 0.00000000099999999991 0.00000000099999999991 0.14447001896226396855 0.15460036216097305939 0.00000000099999999991 0.00000000099999999991 0.00000000099999999991 0.00000000099999999991 0.00000000099999999991 0.00000000099999999991 0.09237078104268765799 
0.00000000099999999986 0.00000000099999999986 0.00000000099999999986 0.00000000099999999986 0.00000000099999999986 0.00000000099999999986 0.00000000099999999986 0.00000000099999999986 0.00000000099999999986 0.00000000099999999986 0.00000000099999999986 0.99999998900000008906 
0.00000000099999999979 0.00000000099999999979 0.00000000099999999979 0.00000000099999999979 0.00000000099999999979 0.00000000099999999979 0.00000000099999999979 0.00000000099999999979 0.00000000099999999979 0.00000000099999999979 0.00000000099999999979 0.99999998899999997803 
0.62239379110680614904 0.00000000099999999992 0.00000000099999999992 0.11146006543470969585 0.15839610631291378695 0.00000000099999999992 0.00000000099999999992 0.00000000099999999992 0.00000000099999999992 0.00000000099999999992 0.00000000099999999992 0.10775002914557064992 
0.00000000099999999987 0.00000000099999999987 0.00000000099999999987 0.00000000099999999987 0.00000000099999999987 0.00000000099999999987 0.00000000099999999987 0.00000000099999999987 0.00000000099999999987 0.00000000099999999987 0.00000000099999999987 0.99999998900000008906 
0.00000000099999999988 0.00000000099999999988 0.00000000099999999988 0.00000000099999999988 0.00000000099999999988 0.00000000099999999988 0.00000000099999999988 0.00000000099999999988 0.00000000099999999988 0.00000000099999999988 0.00000000099999999988 0.99999998900000008906 
0.00000000099999999989 0.00000000099999999989 0.00000000099999999989 0.00000000099999999989 0.00000000099999999989 0.00000000099999999989 0.00000000099999999989 0.00000000099999999989 0.00000000099999999989 0.00000000099999999989 0.00000000099999999989 0.99999998900000008906 
0.00000000099999999987 0.00000000099999999987 0.00000000099999999987 0.00000000099999999987 0.00000000099999999987 0.00000000099999999987 0.00000000099999999987 0.00000000099999999987 0.00000000099999999987 0.00000000099999999987 0.00000000099999999987 0.99999998900000008906 
0.00000000099999999989 0.00000000099999999989 0.00000000099999999989 0.00000001033376801141 0.00000000099999999989 0.00000000099999999989 0.00000000099999999989 0.00000000099999999989 0.00000000099999999989 0.00000000099999999989 0.00000000099999999989 0.99999997966623188628 
0.00000000099999999994 0.00000000099999999994 0.00000000099999999994 0.00000000099999999994 0.00000000099999999994 0.00000000099999999994 0.00000000099999999994 0.00000000099999999994 0.00000000099999999994 0.00000000099999999994 0.00000000099999999994 0.99999998899999997803 
0.00000000099999999990 0.00000000099999999990 0.00000000099999999990 0.00000000099999999990 0.00000000099999999990 0.00000000099999999990 0.00000000099999999990 0.00000000099999999990 0.00000000099999999990 0.00000000099999999990 0.00000000099999999990 0.99999998899999997803 
0.69026136264913284801 0.00007718031624349748 0.00000001128962248332 0.18926211970379455685 0.08416460787475955885 0.00038028785861033928 0.00000000100000000000 0.00181853795427396525 0.00000504678791963400 0.00001440719486489155 0.00000000100000000000 0.03401643637077824550 
0.00000000099999999987 0.00000000099999999987 0.00000000099999999987 0.00000000099999999987 0.00000000099999999987 0.00000000099999999987 0.00000000099999999987 0.00000000099999999987 0.00000000099999999987 0.00000000099999999987 0.00000000099999999987 0.99999998899999997803 
0.00000000099999999988 0.00000000099999999988 0.00000000099999999988 0.00000000099999999988 0.00000000099999999988 0.00000000099999999988 0.00000000099999999988 0.00000000099999999988 0.00000000099999999988 0.00000000099999999988 0.00000000099999999988 0.99999998899999997803 
0.00000000099999999970 0.00000000099999999970 0.00000000099999999970 0.00000000099999999970 0.99999998900000020008 0.00000000099999999970 0.00000000099999999970 0.00000000099999999970 0.00000000099999999970 0.00000000099999999970 0.00000000099999999970 0.00000000099999999970 
0.12157783210148631614 0.00000000099999999982 0.00000000099999999982 0.00000000099999999982 0.87842215789851374463 0.00000000099999999982 0.00000000099999999982 0.00000000099999999982 0.00000000099999999982 0.00000000099999999982 0.00000000099999999982 0.00000000099999999982 
0.00000000099999999954 0.00000000099999999954 0.00000000099999999954 0.00000000099999999954 0.99999998900000020008 0.00000000099999999954 0.00000000099999999954 0.00000000099999999954 0.00000000099999999954 0.00000000099999999954 0.00000000099999999954 0.00000000099999999954 
0.29420355186941832271 0.00000000099999999982 0.00000000099999999982 0.00000000099999999982 0.70579643813058168256 0.00000000099999999982 0.00000000099999999982 0.00000000099999999982 0.00000000099999999982 0.00000000099999999982 0.00000000099999999982 0.00000000099999999982 
0.00000000099999999966 0.00000000099999999966 0.00000000099999999966 0.00000000099999999966 0.99999998900000008906 0.00000000099999999966 0.00000000099999999966 0.00000000099999999966 0.00000000099999999966 0.00000000099999999966 0.00000000099999999966 0.00000000099999999966 
0.00000000099999999968 0.00000000099999999968 0.00000000099999999968 0.00000000099999999968 0.99999998900000020008 0.00000000099999999968 0.00000000099999999968 0.00000000099999999968 0.00000000099999999968 0.00000000099999999968 0.00000000099999999968 0.00000000099999999968 
0.50735599280283560919 0.00000000099999999984 0.00000000099999999984 0.00000481670798030917 0.49263918148918428574 0.00000000099999999984 0.00000000099999999984 0.00000000099999999984 0.00000000099999999984 0.00000000099999999984 0.00000000099999999984 0.00000000099999999984 
0.00000000099999999955 0.00000000099999999955 0.00000000099999999955 0.00000000099999999955 0.99999998900000020008 0.00000000099999999955 0.00000000099999999955 0.00000000099999999955 0.00000000099999999955 0.00000000099999999955 0.00000000099999999955 0.00000000099999999955 
0.00000000099999999976 0.00000000099999999976 0.00000000099999999976 0.00000000099999999976 0.99999998900000020008 0.00000000099999999976 0.00000000099999999976 0.00000000099999999976 0.00000000099999999976 0.00000000099999999976 0.00000000099999999976 0.00000000099999999976 
0.00000000099999999960 0.00000000099999999960 0.00000000099999999960 0.00000000099999999960 0.99999998900000020008 0.00000000099999999960 0.00000000099999999960 0.00000000099999999960 0.00000000099999999960 0.00000000099999999960 0.00000000099999999960 0.00000000099999999960 
0.00000000099999999954 0.00000000099999999954 0.00000000099999999954 0.00000000099999999954 0.99999998900000008906 0.00000000099999999954 0.00000000099999999954 0.00000000099999999954 0.00000000099999999954 0.00000000099999999954 0.00000000099999999954 0.00000000099999999954 
0.00000000099999999958 0.00000000099999999958 0.00000000099999999958 0.00000000099999999958 0.99999998900000020008 0.00000000099999999958 0.00000000099999999958 0.00000000099999999958 0.00000000099999999958 0.00000000099999999958 0.00000000099999999958 0.00000000099999999958 
0.00000000099999999964 0.00000000099999999964 0.00000000099999999964 0.00000000099999999964 0.99999998900000008906 0.00000000099999999964 0.00000000099999999964 0.00000000099999999964 0.00000000099999999964 0.00000000099999999964 0.00000000099999999964 0.00000000099999999964 
0.00000000099999999944 0.00000000099999999944 0.00000000099999999944 0.00000000099999999944 0.99999998900000020008 0.00000000099999999944 0.00000000099999999944 0.00000000099999999944 0.00000000099999999944 0.00000000099999999944 0.00000000099999999944 0.00000000099999999944 
0.00000000099999999965 0.00000000099999999965 0.00000000099999999965 0.00000000099999999965 0.99999998900000008906 0.00000000099999999965 0.00000000099999999965 0.00000000099999999965 0.00000000099999999965 0.00000000099999999965 0.00000000099999999965 0.00000000099999999965 
0.00000000099999999971 0.00000000099999999971 0.00000000099999999971 0.00000000099999999971 0.99999998900000008906 0.00000000099999999971 0.00000000099999999971 0.00000000099999999971 0.00000000099999999971 0.00000000099999999971 0.00000000099999999971 0.00000000099999999971 
0.99999998900000020008 0.00000000099999999958 0.00000000099999999958 0.00000000099999999958 0.00000000099999999958 0.00000000099999999958 0.00000000099999999958 0.00000000099999999958 0.00000000099999999958 0.00000000099999999958 0.00000000099999999958 0.00000000099999999958 
0.99999998900000020008 0.00000000099999999948 0.00000000099999999948 0.00000000099999999948 0.00000000099999999948 0.00000000099999999948 0.00000000099999999948 0.00000000099999999948 0.00000000099999999948 0.00000000099999999948 0.00000000099999999948 0.00000000099999999948 
0.89333219273266251115 0.00000000099999999968 0.00000000099999999968 0.00000000099999999968 0.10666779726733777167 0.00000000099999999968 0.00000000099999999968 0.00000000099999999968 0.00000000099999999968 0.00000000099999999968 0.00000000099999999968 0.00000000099999999968 
0.76395799203914083186 0.00000000099999999973 0.00000000099999999973 0.00000000099999999973 0.23604199796085922891 0.00000000099999999973 0.00000000099999999973 0.00000000099999999973 0.00000000099999999973 0.00000000099999999973 0.00000000099999999973 0.00000000099999999973 
0.82507551482499974504 0.00000000099999999987 0.00000000099999999987 0.01108791609682720572 0.16383656007817334888 0.00000000099999999987 0.00000000099999999987 0.00000000099999999987 0.00000000099999999987 0.00000000099999999987 0.00000000099999999987 0.00000000099999999987 
0.84408184086396864654 0.00000000099999999976 0.00000000099999999976 0.00000000099999999976 0.15591814913603155301 0.00000000099999999976 0.00000000099999999976 0.00000000099999999976 0.00000000099999999976 0.00000000099999999976 0.00000000099999999976 0.00000000099999999976 
0.46033219764819904851 0.00000000099999999999 0.00000000099999999999 0.07542406455071419547 0.46424360768845340797 0.00000000099999999999 0.00000000099999999999 0.00000000099999999999 0.00000000099999999999 0.00000000099999999999 0.00000000099999999999 0.00000012211263358244 
0.56650666145197359214 0.00011243818581962001 0.00000604640376153162 0.04033925708067363780 0.36029462197754225095 0.00002981382216133105 0.00000000100000000000 0.00000000100000000000 0.00002151900465701624 0.03267657112739900255 0.00000000100000000000 0.00001306794601210841 
0.45333883849050077286 0.08691009199366665772 0.00736398284111084659 0.00029479353855353549 0.41303306191884392451 0.00328566955564043271 0.00001348628126484820 0.00000903218184131701 0.00265481484950806689 0.00000857946331508338 0.00000000751446932516 0.03308764137128508698 
0.62227798616181873026 0.00000000099999999989 0.00000000099999999989 0.02161644952784537790 0.35610555531033594168 0.00000000099999999989 0.00000000099999999989 0.00000000099999999989 0.00000000099999999989 0.00000000099999999989 0.00000000099999999989 0.00000000099999999989 
0.59959470429169314798 0.00000000099999999987 0.00000000099999999987 0.00000000099999999987 0.40040528570830719035 0.00000000099999999987 0.00000000099999999987 0.00000000099999999987 0.00000000099999999987 0.00000000099999999987 0.00000000099999999987 0.00000000099999999987 
0.59310394669119648192 0.00000000099999999992 0.00000000099999999992 0.00000000099999999992 0.40689604330880363436 0.00000000099999999992 0.00000000099999999992 0.00000000099999999992 0.00000000099999999992 0.00000000099999999992 0.00000000099999999992 0.00000000099999999992 
0.88216714042018495867 0.00000000099999999976 0.00000000099999999976 0.00000000099999999976 0.11783284957981532415 0.00000000099999999976 0.00000000099999999976 0.00000000099999999976 0.00000000099999999976 0.00000000099999999976 0.00000000099999999976 0.00000000099999999976 
0.81810401757322948058 0.00000000099999999976 0.00000000099999999976 0.00000000099999999976 0.18189597242677083000 0.00000000099999999976 0.00000000099999999976 0.00000000099999999976 0.00000000099999999976 0.00000000099999999976 0.00000000099999999976 0.00000000099999999976 
0.75725443319807128617 0.00000000099999999980 0.00000000099999999980 0.00000000099999999980 0.24274555680192888563 0.00000000099999999980 0.00000000099999999980 0.00000000099999999980 0.00000000099999999980 0.00000000099999999980 0.00000000099999999980 0.00000000099999999980 
0.90556018617887157340 0.00000000099999999969 0.00000000099999999969 0.00000000099999999969 0.09443980382112866778 0.00000000099999999969 0.00000000099999999969 0.00000000099999999969 0.00000000099999999969 0.00000000099999999969 0.00000000099999999969 0.00000000099999999969 
0.84505600646223111294 0.00000000099999999982 0.00000000099999999982 0.00000000099999999982 0.15494398353776911437 0.00000000099999999982 0.00000000099999999982 0.00000000099999999982 0.00000000099999999982 0.00000000099999999982 0.00000000099999999982 0.00000000099999999982 
