0.00000000099999999990 0.00000000099999999990 0.46191534342043877315 0.53808464957956136931 0.00000000099999999990 0.00000000099999999990 0.00000000099999999990 0.00000000099999999990 0.00000000099999999990 
0.00000000099999999993 0.00000000099999999993 0.42841796053996122895 0.57158203246003891351 0.00000000099999999993 0.00000000099999999993 0.00000000099999999993 0.00000000099999999993 0.00000000099999999993 
0.00000000099999999982 0.00000000099999999982 0.00000000099999999982 0.99999999200000011523 0.00000000099999999982 0.00000000099999999982 0.00000000099999999982 0.00000000099999999982 0.00000000099999999982 
0.00000000099999999992 0.00000000099999999992 0.51391580068359121736 0.48608419231640875857 0.00000000099999999992 0.00000000099999999992 0.00000000099999999992 0.00000000099999999992 0.00000000099999999992 
0.00000000099999999992 0.00000000099999999992 0.49439321179773348947 0.50560678120226654197 0.00000000099999999992 0.00000000099999999992 0.00000000099999999992 0.00000000099999999992 0.00000000099999999992 
0.00000000099999999992 0.00000000099999999992 0.78018627134179008298 0.21981372165821003173 0.00000000099999999992 0.00000000099999999992 0.00000000099999999992 0.00000000099999999992 0.00000000099999999992 
0.00000000099999999992 0.00000000099999999992 0.68650141189556457277 0.31349858110443556969 0.00000000099999999992 0.00000000099999999992 0.00000000099999999992 0.00000000099999999992 0.00000000099999999992 
0.00000000099999999982 0.00000000099999999982 0.00000000099999999982 0.99999999200000011523 0.00000000099999999982 0.00000000099999999982 0.00000000099999999982 0.00000000099999999982 0.00000000099999999982 
0.00000000099999999993 0.00000000099999999993 0.63326922838528409976 0.36673076461471587617 0.00000000099999999993 0.00000000099999999993 0.00000000099999999993 0.00000000099999999993 0.00000000099999999993 
0.00000000099999999994 0.00000000099999999994 0.51911611205772201227 0.48088388094227796365 0.00000000099999999994 0.00000000099999999994 0.00000000099999999994 0.00000000099999999994 0.00000000099999999994 
0.00000000099999999991 0.00000000099999999991 0.75617760790364296763 0.24382238509635700829 0.00000000099999999991 0.00000000099999999991 0.00000000099999999991 0.00000000099999999991 0.00000000099999999991 
0.00000000099999999991 0.00000000099999999991 0.59925511285265387063 0.40074488014734604979 0.00000000099999999991 0.00000000099999999991 0.00000000099999999991 0.00000000099999999991 0.00000000099999999991 
0.00000000099999999994 0.00000000099999999994 0.47262837832788873182 0.52737161467211135513 0.00000000099999999994 0.00000000099999999994 0.00000000099999999994 0.00000000099999999994 0.00000000099999999994 
0.00000000099999999990 0.00000000099999999990 0.46579608640142128317 0.53420390659857874827 0.00000000099999999990 0.00000000099999999990 0.00000000099999999990 0.00000000099999999990 0.00000000099999999990 
0.00000000099999999991 0.00000000099999999991 0.50678656302353852769 0.49321342997646155926 0.00000000099999999991 0.00000000099999999991 0.00000000099999999991 0.00000000099999999991 0.00000000099999999991 
0.00000000099999999986 0.00000000099999999986 0.99999999200000011523 0.00000000099999999986 0.00000000099999999986 0.00000000099999999986 0.00000000099999999986 0.00000000099999999986 0.00000000099999999986 
0.00000000099999999993 0.00000000099999999993 0.44320291851765558633 0.55679707448234438960 0.00000000099999999993 0.00000000099999999993 0.00000000099999999993 0.00000000099999999993 0.00000000099999999993 
0.00000000099999999993 0.00000000099999999993 0.69143111635477583210 0.30856887664522408832 0.00000000099999999993 0.00000000099999999993 0.00000000099999999993 0.00000000099999999993 0.00000000099999999993 
0.00000000099999999993 0.00000000099999999993 0.47067760367477112782 0.52932238932522901464 0.00000000099999999993 0.00000000099999999993 0.00000000099999999993 0.00000000099999999993 0.00000000099999999993 
0.00000000099999999993 0.00000000099999999993 0.54961159904300849188 0.45038839395699148405 0.00000000099999999993 0.00000000099999999993 0.00000000099999999993 0.00000000099999999993 0.00000000099999999993 
0.00000000099999999997 0.00000000099999999997 0.50666108462144354707 0.49333890837855653988 0.00000000099999999997 0.00000000099999999997 0.00000000099999999997 0.00000000099999999997 0.00000000099999999997 
0.00000000099999999990 0.00000000099999999990 0.44402776902292923067 0.55597222397707091179 0.00000000099999999990 0.00000000099999999990 0.00000000099999999990 0.00000000099999999990 0.00000000099999999990 
0.00000000099999999997 0.00000000099999999997 0.41947273418793412647 0.58052725881206590497 0.00000000099999999997 0.00000000099999999997 0.00000000099999999997 0.00000000099999999997 0.00000000099999999997 
0.00000000099999999992 0.00000000099999999992 0.52812601209559617566 0.47187398090440385579 0.00000000099999999992 0.00000000099999999992 0.00000000099999999992 0.00000000099999999992 0.00000000099999999992 
0.00000000099999999992 0.00000000099999999992 0.48378248408155588578 0.51621750891844420117 0.00000000099999999992 0.00000000099999999992 0.00000000099999999992 0.00000000099999999992 0.00000000099999999992 
0.00000000099999999995 0.00000000099999999995 0.40612049546949413603 0.59387949753050595092 0.00000000099999999995 0.00000000099999999995 0.00000000099999999995 0.00000000099999999995 0.00000000099999999995 
0.00000000099999999990 0.00000000099999999990 0.73961619833994274309 0.26038379466005728835 0.00000000099999999990 0.00000000099999999990 0.00000000099999999990 0.00000000099999999990 0.00000000099999999990 
0.00000000099999999986 0.00000000099999999986 0.99999999200000011523 0.00000000099999999986 0.00000000099999999986 0.00000000099999999986 0.00000000099999999986 0.00000000099999999986 0.00000000099999999986 
0.00000000099999999997 0.00000000099999999997 0.32349712562434262964 0.67650286737565745732 0.00000000099999999997 0.00000000099999999997 0.00000000099999999997 0.00000000099999999997 0.00000000099999999997 
0.00000000099999999994 0.00000000099999999994 0.43978465831592056245 0.56021533468407935796 0.00000000099999999994 0.00000000099999999994 0.00000000099999999994 0.00000000099999999994 0.00000000099999999994 
0.00000000099999999991 0.00000000099999999991 0.46677966127438585975 0.53322033172561422720 0.00000000099999999991 0.00000000099999999991 0.00000000099999999991 0.00000000099999999991 0.00000000099999999991 
0.00000000099999999988 0.00000000099999999988 0.99999999200000011523 0.00000000099999999988 0.00000000099999999988 0.00000000099999999988 0.00000000099999999988 0.00000000099999999988 0.00000000099999999988 
0.00000000099999999992 0.00000000099999999992 0.69618478098486602512 0.30381521201513406183 0.00000000099999999992 0.00000000099999999992 0.00000000099999999992 0.00000000099999999992 0.00000000099999999992 
0.00000000099999999998 0.00000000099999999998 0.38740406641829516765 0.61259592658170503032 0.00000000099999999998 0.00000000099999999998 0.00000000099999999998 0.00000000099999999998 0.00000000099999999998 
0.00000000099999999992 0.00000000099999999992 0.79656509018090337904 0.20343490281909659689 0.00000000099999999992 0.00000000099999999992 0.00000000099999999992 0.00000000099999999992 0.00000000099999999992 
0.00000000099999999980 0.00000000099999999980 0.00000000099999999980 0.99999999200000000421 0.00000000099999999980 0.00000000099999999980 0.00000000099999999980 0.00000000099999999980 0.00000000099999999980 
0.00000000099999999990 0.00000000099999999990 0.68216676625880323659 0.31783322674119685036 0.00000000099999999990 0.00000000099999999990 0.00000000099999999990 0.00000000099999999990 0.00000000099999999990 
0.00000000099999999982 0.00000000099999999982 0.00000000099999999982 0.99999999200000011523 0.00000000099999999982 0.00000000099999999982 0.00000000099999999982 0.00000000099999999982 0.00000000099999999982 
0.00000000099999999987 0.00000000099999999987 0.99999101993466577021 0.00000897306533430828 0.00000000099999999987 0.00000000099999999987 0.00000000099999999987 0.00000000099999999987 0.00000000099999999987 
0.00000000099999999992 0.00000000099999999992 0.39587865136624211804 0.60412134163375796891 0.00000000099999999992 0.00000000099999999992 0.00000000099999999992 0.00000000099999999992 0.00000000099999999992 
0.00000000099999999994 0.00000000099999999994 0.44592817281180935352 0.55407182018819078895 0.00000000099999999994 0.00000000099999999994 0.00000000099999999994 0.00000000099999999994 0.00000000099999999994 
0.00838821688578224485 0.00001077610494034289 0.30156661214426599971 0.66893348585487510949 0.00000000100000000000 0.02083259868134147708 0.00026830732879475495 0.00000000100000000000 0.00000000100000000000 
0.00000000099999999995 0.00000000099999999995 0.48864990003102543037 0.51135009296897471209 0.00000000099999999995 0.00000000099999999995 0.00000000099999999995 0.00000000099999999995 0.00000000099999999995 
0.00000000099999999985 0.00000000099999999985 0.00000000099999999985 0.99999999200000011523 0.00000000099999999985 0.00000000099999999985 0.00000000099999999985 0.00000000099999999985 0.00000000099999999985 
0.00000000099999999979 0.00000000099999999979 0.00000000099999999979 0.99999999200000011523 0.00000000099999999979 0.00000000099999999979 0.00000000099999999979 0.00000000099999999979 0.00000000099999999979 
0.00000000099999999991 0.00000000099999999991 0.67330522438943263275 0.32669476861056739869 0.00000000099999999991 0.00000000099999999991 0.00000000099999999991 0.00000000099999999991 0.00000000099999999991 
0.00000000099999999983 0.00000000099999999983 0.00000000099999999983 0.99999999200000000421 0.00000000099999999983 0.00000000099999999983 0.00000000099999999983 0.00000000099999999983 0.00000000099999999983 
0.00000000099999999993 0.00000000099999999993 0.63926121089278298282 0.36073878210721710413 0.00000000099999999993 0.00000000099999999993 0.00000000099999999993 0.00000000099999999993 0.00000000099999999993 
0.00000000099999999988 0.00000000099999999988 0.99999999200000000421 0.00000000099999999988 0.00000000099999999988 0.00000000099999999988 0.00000000099999999988 0.00000000099999999988 0.00000000099999999988 
0.00000000099999999995 0.00000000099999999995 0.61087173530563032564 0.38912825769436965029 0.00000000099999999995 0.00000000099999999995 0.00000000099999999995 0.00000000099999999995 0.00000000099999999995 
0.00000000099999999999 0.00000004407453306703 0.00000429952105563490 0.99999526913191050248 0.00000000099999999999 0.00000038227250084042 0.00000000099999999999 0.00000000099999999999 0.00000000099999999999 
0.67778880013413411731 0.26773524659900344025 0.00000000099999999988 0.00000000099999999988 0.00000000099999999988 0.05447594726686261213 0.00000000099999999988 0.00000000099999999988 0.00000000099999999988 
0.65341036499746751876 0.27991281346346669201 0.00000000099999999989 0.00000000099999999989 0.00000000099999999989 0.06667681553906579239 0.00000000099999999989 0.00000000099999999989 0.00000000099999999989 
0.62915866074748560965 0.29882228626900703139 0.00000000099999999989 0.00000000099999999989 0.00000000099999999989 0.07201904698350729273 0.00000000099999999989 0.00000000099999999989 0.00000000099999999989 
0.63504897737483512188 0.26789501189309217200 0.00000000099999999990 0.00000000099999999990 0.00000000099999999990 0.09705600473207286194 0.00000000099999999990 0.00000000099999999990 0.00000000099999999990 
0.66493798043557428290 0.27975286809371985308 0.00000000099999999989 0.00000000099999999989 0.00000000099999999989 0.05530914547070604065 0.00000000099999999989 0.00000000099999999989 0.00000000099999999989 
0.00000000099999999954 0.00000000099999999954 0.00000000099999999954 0.00000000099999999954 0.00000000099999999954 0.00000000099999999954 0.00000000099999999954 0.00000000099999999954 0.99999999200000000421 
0.00000000099999999954 0.00000000099999999954 0.00000000099999999954 0.00000000099999999954 0.00000000099999999954 0.00000000099999999954 0.00000000099999999954 0.00000000099999999954 0.99999999199999989319 
0.00000000099999999951 0.00000000099999999951 0.00000000099999999951 0.00000000099999999951 0.00000000099999999951 0.00000000099999999951 0.00000000099999999951 0.00000000099999999951 0.99999999199999989319 
0.00000000099999999950 0.00000000099999999950 0.00000000099999999950 0.00000000099999999950 0.00000000099999999950 0.00000000099999999950 0.00000000099999999950 0.00000000099999999950 0.99999999199999989319 
0.00000000099999999946 0.00000000099999999946 0.00000000099999999946 0.00000000099999999946 0.00000000099999999946 0.00000000099999999946 0.00000000099999999946 0.00000000099999999946 0.99999999200000000421 
0.00000000099999999957 0.00000000099999999957 0.00000000099999999957 0.00000000099999999957 0.00000000099999999957 0.00000000099999999957 0.00000000099999999957 0.00000000099999999957 0.99999999200000000421 
0.00000000099999999937 0.00000000099999999937 0.00000000099999999937 0.00000000099999999937 0.00000000099999999937 0.00000000099999999937 0.00000000099999999937 0.00000000099999999937 0.99999999199999989319 
0.00000000099999999952 0.00000000099999999952 0.00000000099999999952 0.00000000099999999952 0.00000000099999999952 0.00000000099999999952 0.00000000099999999952 0.00000000099999999952 0.99999999200000000421 
0.00000000099999999945 0.00000000099999999945 0.00000000099999999945 0.00000000099999999945 0.00000000099999999945 0.00000000099999999945 0.00000000099999999945 0.00000000099999999945 0.99999999200000000421 
0.00000000099999999955 0.00000000099999999955 0.00000000099999999955 0.00000000099999999955 0.00000000099999999955 0.00000000099999999955 0.00000000099999999955 0.00000000099999999955 0.99999999199999989319 
0.00000000099999999959 0.00000000099999999959 0.00000000099999999959 0.00000000099999999959 0.00000000099999999959 0.00000000099999999959 0.00000000099999999959 0.00000000099999999959 0.99999999199999989319 
0.00000000099999999952 0.00000000099999999952 0.00000000099999999952 0.00000000099999999952 0.00000000099999999952 0.00000000099999999952 0.00000000099999999952 0.00000000099999999952 0.99999999199999989319 
0.00000000099999999951 0.00000000099999999951 0.00000000099999999951 0.00000000099999999951 0.00000000099999999951 0.00000000099999999951 0.00000000099999999951 0.00000000099999999951 0.99999999199999989319 
0.00000000099999999950 0.00000000099999999950 0.00000000099999999950 0.00000000099999999950 0.00000000099999999950 0.00000000099999999950 0.00000000099999999950 0.00000000099999999950 0.99999999200000000421 
0.00000000099999999951 0.00000000099999999951 0.00000000099999999951 0.00000000099999999951 0.00000000099999999951 0.00000000099999999951 0.00000000099999999951 0.00000000099999999951 0.99999999199999989319 
0.00000000099999999957 0.00000000099999999957 0.00000000099999999957 0.00000000099999999957 0.00000000099999999957 0.00000000099999999957 0.00000000099999999957 0.00000000099999999957 0.99999999199999989319 
0.00000000099999999957 0.00000000099999999957 0.00000000099999999957 0.00000000099999999957 0.00000000099999999957 0.00000000099999999957 0.00000000099999999957 0.00000000099999999957 0.99999999199999989319 
0.00000000099999999963 0.00000000099999999963 0.00000000099999999963 0.00000000099999999963 0.00000000099999999963 0.00000000099999999963 0.00000000099999999963 0.00000000099999999963 0.99999999200000000421 
0.00000000099999999954 0.00000000099999999954 0.00000000099999999954 0.00000000099999999954 0.00000000099999999954 0.00000000099999999954 0.00000000099999999954 0.00000000099999999954 0.99999999199999989319 
0.00000000099999999951 0.00000000099999999951 0.00000000099999999951 0.00000000099999999951 0.00000000099999999951 0.00000000099999999951 0.00000000099999999951 0.00000000099999999951 0.99999999199999989319 
0.00000000099999999954 0.00000000099999999954 0.00000000099999999954 0.00000000099999999954 0.00000000099999999954 0.00000000099999999954 0.00000000099999999954 0.00000000099999999954 0.99999999199999989319 
0.00000000099999999945 0.00000000099999999945 0.00000000099999999945 0.00000000099999999945 0.00000000099999999945 0.00000000099999999945 0.00000000099999999945 0.00000000099999999945 0.99999999200000000421 
0.00000000099999999958 0.00000000099999999958 0.00000000099999999958 0.00000000099999999958 0.00000000099999999958 0.00000000099999999958 0.00000000099999999958 0.00000000099999999958 0.99999999199999989319 
0.00000000099999999954 0.00000000099999999954 0.00000000099999999954 0.00000000099999999954 0.00000000099999999954 0.00000000099999999954 0.00000000099999999954 0.00000000099999999954 0.99999999199999989319 
0.00000000099999999988 0.00000000099999999988 0.00000000099999999988 0.00000000099999999988 0.00000000099999999988 0.00000000099999999988 0.99999999199999989319 0.00000000099999999988 0.00000000099999999988 
0.00000000099999999982 0.00000000099999999982 0.00000000099999999982 0.00000000099999999982 0.00000000099999999982 0.00000000099999999982 0.99999999199999989319 0.00000000099999999982 0.00000000099999999982 
0.00000000099999999984 0.00000000099999999984 0.00000000099999999984 0.00000000099999999984 0.00000000099999999984 0.00000000099999999984 0.99999999200000000421 0.00000000099999999984 0.00000000099999999984 
0.00000000099999999992 0.00000000099999999992 0.00000000099999999992 0.00000000099999999992 0.00000000099999999992 0.00000000099999999992 0.99999999200000000421 0.00000000099999999992 0.00000000099999999992 
0.00000000099999999965 0.00000000099999999965 0.00000000099999999965 0.00000000099999999965 0.00000000099999999965 0.00000000099999999965 0.99999999200000000421 0.00000000099999999965 0.00000000099999999965 
0.00000000099999999994 0.00000000099999999994 0.00000000099999999994 0.00000000099999999994 0.04063919192255841667 0.00000000099999999994 0.95936080107744148293 0.00000000099999999994 0.00000000099999999994 
0.00000000099999999991 0.00000000099999999991 0.00000000099999999991 0.00000000099999999991 0.00000000099999999991 0.00000000099999999991 0.99999999200000000421 0.00000000099999999991 0.00000000099999999991 
0.00000000099999999991 0.00000000099999999991 0.00000000099999999991 0.00000000099999999991 0.00000000099999999991 0.00000000099999999991 0.99999999200000000421 0.00000000099999999991 0.00000000099999999991 
0.00000000099999999993 0.00000000099999999993 0.00000000099999999993 0.00000000099999999993 0.00003336656186269641 0.00000000099999999993 0.99996662643813727378 0.00000000099999999993 0.00000000099999999993 
0.00000000099999999991 0.00000000099999999991 0.00000000099999999991 0.00000000099999999991 0.00000000099999999991 0.00000000099999999991 0.99999999200000000421 0.00000000099999999991 0.00000000099999999991 
0.00000000099999999969 0.00000000099999999969 0.00000000099999999969 0.00000000099999999969 0.00000000099999999969 0.00000000099999999969 0.99999999199999989319 0.00000000099999999969 0.00000000099999999969 
0.00000000099999999997 0.00000000099999999997 0.00000000099999999997 0.00000000099999999997 0.00000000099999999997 0.00000000099999999997 0.99999999200000000421 0.00000000099999999997 0.00000000099999999997 
0.00000000099999999989 0.00000000099999999989 0.00000000099999999989 0.00000000099999999989 0.00000000099999999989 0.00000000099999999989 0.99999999200000000421 0.00000000099999999989 0.00000000099999999989 
0.99999999200000011523 0.00000000099999999988 0.00000000099999999988 0.00000000099999999988 0.00000000099999999988 0.00000000099999999988 0.00000000099999999988 0.00000000099999999988 0.00000000099999999988 
0.13532560561959938727 0.76476861674092333487 0.00000000099999999995 0.00000000099999999995 0.00000000099999999995 0.09990577163947741979 0.00000000099999999995 0.00000000099999999995 0.00000000099999999995 
0.99999999200000022626 0.00000000099999999993 0.00000000099999999993 0.00000000099999999993 0.00000000099999999993 0.00000000099999999993 0.00000000099999999993 0.00000000099999999993 0.00000000099999999993 
0.15316645025480660203 0.66549369865541441182 0.00000000099999999997 0.00000000099999999997 0.00000000099999999997 0.18133984508977904482 0.00000000099999999997 0.00000000099999999997 0.00000000099999999997 
0.18357542616023109217 0.65433162108070830332 0.00000000099999999995 0.00000000099999999995 0.00000000099999999995 0.16209294675906074645 0.00000000099999999995 0.00000000099999999995 0.00000000099999999995 
0.99999999200000022626 0.00000000099999999990 0.00000000099999999990 0.00000000099999999990 0.00000000099999999990 0.00000000099999999990 0.00000000099999999990 0.00000000099999999990 0.00000000099999999990 
0.99999999200000022626 0.00000000099999999986 0.00000000099999999986 0.00000000099999999986 0.00000000099999999986 0.00000000099999999986 0.00000000099999999986 0.00000000099999999986 0.00000000099999999986 
0.17734295764698135289 0.66041275630353335480 0.00000000099999999995 0.00000000099999999995 0.00000000099999999995 0.16224428004948551751 0.00000000099999999995 0.00000000099999999995 0.00000000099999999995 
0.99999999200000011523 0.00000000099999999991 0.00000000099999999991 0.00000000099999999991 0.00000000099999999991 0.00000000099999999991 0.00000000099999999991 0.00000000099999999991 0.00000000099999999991 
0.99999999200000011523 0.00000000099999999992 0.00000000099999999992 0.00000000099999999992 0.00000000099999999992 0.00000000099999999992 0.00000000099999999992 0.00000000099999999992 0.00000000099999999992 
0.99999999200000022626 0.00000000099999999993 0.00000000099999999993 0.00000000099999999993 0.00000000099999999993 0.00000000099999999993 0.00000000099999999993 0.00000000099999999993 0.00000000099999999993 
0.99999999200000022626 0.00000000099999999991 0.00000000099999999991 0.00000000099999999991 0.00000000099999999991 0.00000000099999999991 0.00000000099999999991 0.00000000099999999991 0.00000000099999999991 
0.99999999200000011523 0.00000000099999999992 0.00000000099999999992 0.00000000099999999992 0.00000000099999999992 0.00000000099999999992 0.00000000099999999992 0.00000000099999999992 0.00000000099999999992 
0.99999999200000022626 0.00000000099999999996 0.00000000099999999996 0.00000000099999999996 0.00000000099999999996 0.00000000099999999996 0.00000000099999999996 0.00000000099999999996 0.00000000099999999996 
0.99999999200000022626 0.00000000099999999993 0.00000000099999999993 0.00000000099999999993 0.00000000099999999993 0.00000000099999999993 0.00000000099999999993 0.00000000099999999993 0.00000000099999999993 
0.13173012142334691865 0.74471247565216880382 0.02725230452731518954 0.00054043195619969545 0.00190475474615048887 0.09383209392600247445 0.00002780284811904292 0.00000001392069736930 0.00000000100000000000 
0.99999999200000022626 0.00000000099999999991 0.00000000099999999991 0.00000000099999999991 0.00000000099999999991 0.00000000099999999991 0.00000000099999999991 0.00000000099999999991 0.00000000099999999991 
0.99999999200000022626 0.00000000099999999991 0.00000000099999999991 0.00000000099999999991 0.00000000099999999991 0.00000000099999999991 0.00000000099999999991 0.00000000099999999991 0.00000000099999999991 
0.00000000099999999979 0.00000000099999999979 0.00000000099999999979 0.00000000099999999979 0.00000000099999999979 0.99999999200000000421 0.00000000099999999979 0.00000000099999999979 0.00000000099999999979 
0.00000000099999999987 0.12566260417228219959 0.00000000099999999987 0.00000000099999999987 0.00000000099999999987 0.87433738882771783185 0.00000000099999999987 0.00000000099999999987 0.00000000099999999987 
0.00000000099999999967 0.00000000099999999967 0.00000000099999999967 0.00000000099999999967 0.00000000099999999967 0.99999999200000000421 0.00000000099999999967 0.00000000099999999967 0.00000000099999999967 
0.00000000099999999987 0.29495742153926152174 0.00000000099999999987 0.00000000099999999987 0.00000000099999999987 0.70504257146073823215 0.00000000099999999987 0.00000000099999999987 0.00000000099999999987 
0.00000000099999999975 0.00000000099999999975 0.00000000099999999975 0.00000000099999999975 0.00000000099999999975 0.99999999200000000421 0.00000000099999999975 0.00000000099999999975 0.00000000099999999975 
0.00000000099999999977 0.00000000099999999977 0.00000000099999999977 0.00000000099999999977 0.00000000099999999977 0.99999999200000000421 0.00000000099999999977 0.00000000099999999977 0.00000000099999999977 
0.00000000099999999988 0.50877539435609708818 0.00000000099999999988 0.00000000099999999988 0.00000000099999999988 0.49122459864390299877 0.00000000099999999988 0.00000000099999999988 0.00000000099999999988 
0.00000000099999999967 0.00000000099999999967 0.00000000099999999967 0.00000000099999999967 0.00000000099999999967 0.99999999200000000421 0.00000000099999999967 0.00000000099999999967 0.00000000099999999967 
0.00000000099999999982 0.00000000099999999982 0.00000000099999999982 0.00000000099999999982 0.00000000099999999982 0.99999999200000000421 0.00000000099999999982 0.00000000099999999982 0.00000000099999999982 
0.00000000099999999971 0.00000000099999999971 0.00000000099999999971 0.00000000099999999971 0.00000000099999999971 0.99999999200000000421 0.00000000099999999971 0.00000000099999999971 0.00000000099999999971 
0.00000000099999999967 0.00000000099999999967 0.00000000099999999967 0.00000000099999999967 0.00000000099999999967 0.99999999200000011523 0.00000000099999999967 0.00000000099999999967 0.00000000099999999967 
0.00000000099999999970 0.00000000099999999970 0.00000000099999999970 0.00000000099999999970 0.00000000099999999970 0.99999999200000000421 0.00000000099999999970 0.00000000099999999970 0.00000000099999999970 
0.00000000099999999974 0.00000000099999999974 0.00000000099999999974 0.00000000099999999974 0.00000000099999999974 0.99999999200000011523 0.00000000099999999974 0.00000000099999999974 0.00000000099999999974 
0.00000000099999999959 0.00000000099999999959 0.00000000099999999959 0.00000000099999999959 0.00000000099999999959 0.99999999200000000421 0.00000000099999999959 0.00000000099999999959 0.00000000099999999959 
0.00000000099999999975 0.00000000936649579363 0.00000000099999999975 0.00000000099999999975 0.00000000099999999975 0.99999998363350417474 0.00000000099999999975 0.00000000099999999975 0.00000000099999999975 
0.00000000099999999979 0.00000000099999999979 0.00000000099999999979 0.00000000099999999979 0.00000000099999999979 0.99999999200000000421 0.00000000099999999979 0.00000000099999999979 0.00000000099999999979 
0.00000000099999999970 0.99999999200000011523 0.00000000099999999970 0.00000000099999999970 0.00000000099999999970 0.00000000099999999970 0.00000000099999999970 0.00000000099999999970 0.00000000099999999970 
0.00000000099999999963 0.99999999200000022626 0.00000000099999999963 0.00000000099999999963 0.00000000099999999963 0.00000000099999999963 0.00000000099999999963 0.00000000099999999963 0.00000000099999999963 
0.00000000099999999977 0.89421549507621822528 0.00000000099999999977 0.00000000099999999977 0.00000000099999999977 0.10578449792378191718 0.00000000099999999977 0.00000000099999999977 0.00000000099999999977 
0.00000000099999999980 0.76638450212609199319 0.00000000099999999980 0.00000000099999999980 0.00000000099999999980 0.23361549087390798274 0.00000000099999999980 0.00000000099999999980 0.00000000099999999980 
0.00000000099999999990 0.83564894596693395368 0.00000000099999999990 0.00000000099999999990 0.00000000099999999990 0.16435104703306616103 0.00000000099999999990 0.00000000099999999990 0.00000000099999999990 
0.00000000099999999983 0.84506737885191984816 0.00000000099999999983 0.00000000099999999983 0.00000000099999999983 0.15493261414808040533 0.00000000099999999983 0.00000000099999999983 0.00000000099999999983 
0.02139603491749967820 0.49858398127738495775 0.00000000099999999999 0.00000000099999999999 0.00000000099999999999 0.48001997780511557190 0.00000000099999999999 0.00000000099999999999 0.00000000099999999999 
0.00134804150390255176 0.59563462094205943398 0.02991822968779092942 0.00224691990115119099 0.00000000105286259572 0.37083047835168897466 0.00002170612068125601 0.00000000100000000000 0.00000000143986320002 
0.03294667374542438465 0.45387904902147246933 0.06226676508741968430 0.02909460426275371422 0.00101887896794926216 0.40913154138322721520 0.01165480235397412662 0.00000765376547051674 0.00000003141230871258 
0.00000000099999999992 0.64108836018890813513 0.00000000099999999992 0.00000000099999999992 0.00000000099999999992 0.35891163281109195182 0.00000000099999999992 0.00000000099999999992 0.00000000099999999992 
0.00000000099999999991 0.59935989658574073680 0.00000000099999999991 0.00000000099999999991 0.00000000099999999991 0.40064009641425940567 0.00000000099999999991 0.00000000099999999991 0.00000000099999999991 
0.00000000099999999994 0.59266970915727179570 0.00000000099999999994 0.00000000099999999994 0.00000000099999999994 0.40733028384272818023 0.00000000099999999994 0.00000000099999999994 0.00000000099999999994 
0.00000000099999999983 0.88239032094336988798 0.00000000099999999983 0.00000000099999999983 0.00000000099999999983 0.11760967205663029611 0.00000000099999999983 0.00000000099999999983 0.00000000099999999983 
0.00000000099999999983 0.81888682965239756317 0.00000000099999999983 0.00000000099999999983 0.00000000099999999983 0.18111316334760252378 0.00000000099999999983 0.00000000099999999983 0.00000000099999999983 
0.00000000099999999985 0.75759971031088169102 0.00000000099999999985 0.00000000099999999985 0.00000000099999999985 0.24240028268911842368 0.00000000099999999985 0.00000000099999999985 0.00000000099999999985 
0.00000000099999999978 0.90579187052133003366 0.00000000099999999978 0.00000000099999999978 0.00000000099999999978 0.09420812247867006717 0.00000000099999999978 0.00000000099999999978 0.00000000099999999978 
0.00000000099999999987 0.84595134429144169808 0.00000000099999999987 0.00000000099999999987 0.00000000099999999987 0.15404864870855855541 0.00000000099999999987 0.00000000099999999987 0.00000000099999999987 
0.00000000099999999980 0.99999999074487744277 0.00000000099999999980 0.00000000099999999980 0.00000000099999999980 0.00000000225512259581 0.00000000099999999980 0.00000000099999999980 0.00000000099999999980 
0.00000000099999999982 0.85242687913252912502 0.00000000099999999982 0.00000000099999999982 0.00000000099999999982 0.14757311386747096194 0.00000000099999999982 0.00000000099999999982 0.00000000099999999982 
0.00000000099999999980 0.90934792715812273745 0.00000000099999999980 0.00000000099999999980 0.00000000099999999980 0.09065206584187748828 0.00000000099999999980 0.00000000099999999980 0.00000000099999999980 
0.00000000099999999985 0.85451919034747902959 0.00000000099999999985 0.00000000099999999985 0.00000000099999999985 0.14548080265252111287 0.00000000099999999985 0.00000000099999999985 0.00000000099999999985 
0.00000000099999999982 0.83846427480355545381 0.00000000099999999982 0.00000000099999999982 0.00000000099999999982 0.16153571819644474417 0.00000000099999999982 0.00000000099999999982 0.00000000099999999982 
0.00000000099999999984 0.86865998611431261001 0.00000000099999999984 0.00000000099999999984 0.00000000099999999984 0.13134000688568747695 0.00000000099999999984 0.00000000099999999984 0.00000000099999999984 
0.00000000099999999990 0.86633915971214503493 0.00000000099999999990 0.00000000099999999990 0.00000000099999999990 0.13366083328785502427 0.00000000099999999990 0.00000000099999999990 0.00000000099999999990 
0.00000000099999999988 0.86079451780854487897 0.00000000099999999988 0.00000000099999999988 0.00000000099999999988 0.13920547519145531901 0.00000000099999999988 0.00000000099999999988 0.00000000099999999988 
0.00000000099999999989 0.87920902847203030728 0.00000000099999999989 0.00000000099999999989 0.00000000099999999989 0.12079096452796990457 0.00000000099999999989 0.00000000099999999989 0.00000000099999999989 
0.00000000099999999987 0.87277347869592680762 0.00000000099999999987 0.00000000099999999987 0.00000000099999999987 0.12722651430407330708 0.00000000099999999987 0.00000000099999999987 0.00000000099999999987 
0.00000000099999999994 0.87323043177002401816 0.00000000099999999994 0.00000000099999999994 0.00000000099999999994 0.12676956122997612431 0.00000000099999999994 0.00000000099999999994 0.00000000099999999994 
0.00000000099999999988 0.87770255767559368643 0.00000000099999999988 0.00000000099999999988 0.00000000099999999988 0.12229743532440656706 0.00000000099999999988 0.00000000099999999988 0.00000000099999999988 
0.00000000099999999982 0.84322160725031025663 0.00000000099999999982 0.00000000099999999982 0.00000000099999999982 0.15677838574968994134 0.00000000099999999982 0.00000000099999999982 0.00000000099999999982 
0.00000000099999999981 0.99999999176951426261 0.00000000099999999981 0.00000000099999999981 0.00000000099999999981 0.00000000123048586455 0.00000000099999999981 0.00000000099999999981 0.00000000099999999981 
0.00000000099999999983 0.82741437698669728640 0.00000000099999999983 0.00000000099999999983 0.00000000099999999983 0.17258561601330280055 0.00000000099999999983 0.00000000099999999983 0.00000000099999999983 
0.00000000099999999978 0.87172998180693128667 0.00000000099999999978 0.00000000099999999978 0.00000000099999999978 0.12827001119306882804 0.00000000099999999978 0.00000000099999999978 0.00000000099999999978 
0.00000000099999999977 0.89069799838744612153 0.00000000099999999977 0.00000000099999999977 0.00000000099999999977 0.10930199461255399318 0.00000000099999999977 0.00000000099999999977 0.00000000099999999977 
0.00000000099999999983 0.82573205855858788915 0.00000000099999999983 0.00000000099999999983 0.00000000099999999983 0.17426793444141225331 0.00000000099999999983 0.00000000099999999983 0.00000000099999999983 
0.00000000099999999980 0.83356111934623644544 0.00000000099999999980 0.00000000099999999980 0.00000000099999999980 0.16643887365376369702 0.00000000099999999980 0.00000000099999999980 0.00000000099999999980 
0.00000000099999999983 0.85078069543731782431 0.00000000099999999983 0.00000000099999999983 0.00000000099999999983 0.14921929756268237366 0.00000000099999999983 0.00000000099999999983 0.00000000099999999983 
0.00000000099999999987 0.86121230766225342901 0.00000000099999999987 0.00000000099999999987 0.00000000099999999987 0.13878768533774660243 0.00000000099999999987 0.00000000099999999987 0.00000000099999999987 
0.00000000099999999987 0.80746351897770218820 0.00000000099999999987 0.00000000099999999987 0.00000000099999999987 0.19253647402229787100 0.00000000099999999987 0.00000000099999999987 0.00000000099999999987 
0.00000000099999999988 0.89995725183614350140 0.00000000099999999988 0.00000000099999999988 0.00000000099999999988 0.10004274116385662718 0.00000000099999999988 0.00000000099999999988 0.00000000099999999988 
0.00000000099999999979 0.87478530866737924665 0.00000000099999999979 0.00000000099999999979 0.00000000099999999979 0.12521468433262100683 0.00000000099999999979 0.00000000099999999979 0.00000000099999999979 
0.00000000099999999995 0.82640903918533847872 0.00000000099999999995 0.00000000099999999995 0.00000000099999999995 0.17359095381466149721 0.00000000099999999995 0.00000000099999999995 0.00000000099999999995 
0.00000000099999999982 0.87542566787586717503 0.00000000099999999982 0.00000000099999999982 0.00000000099999999982 0.12457432512413284253 0.00000000099999999982 0.00000000099999999982 0.00000000099999999982 
0.02213574795922048505 0.85812046334584723972 0.00000000099999999984 0.00000000099999999984 0.00000000099999999984 0.11974378269493231308 0.00000000099999999984 0.00000000099999999984 0.00000000099999999984 
0.00000000099999999980 0.87967743551730326335 0.00000000099999999980 0.00000000099999999980 0.00000000099999999980 0.12032255748269676809 0.00000000099999999980 0.00000000099999999980 0.00000000099999999980 
0.00000000099999999985 0.83236104455089443555 0.00000000099999999985 0.00000000099999999985 0.00000000099999999985 0.16763894844910576243 0.00000000099999999985 0.00000000099999999985 0.00000000099999999985 
0.00000000099999999986 0.83371204032283996455 0.00000000099999999986 0.00000000099999999986 0.00000000099999999986 0.16628795267716028894 0.00000000099999999986 0.00000000099999999986 0.00000000099999999986 
0.00000000099999999984 0.84431846391073095415 0.00000000099999999984 0.00000000099999999984 0.00000000099999999984 0.15568152908926907729 0.00000000099999999984 0.00000000099999999984 0.00000000099999999984 
0.00000000099999999985 0.87419109013811746589 0.00000000099999999985 0.00000000099999999985 0.00000000099999999985 0.12580890286188270433 0.00000000099999999985 0.00000000099999999985 0.00000000099999999985 
0.00000000099999999987 0.87921599038971731677 0.00000000099999999987 0.00000000099999999987 0.00000000099999999987 0.12078400261028295060 0.00000000099999999987 0.00000000099999999987 0.00000000099999999987 
0.00000000099999999979 0.83060953918157498510 0.00000000099999999979 0.00000000099999999979 0.00000000099999999979 0.16939045381842504634 0.00000000099999999979 0.00000000099999999979 0.00000000099999999979 
0.00000000099999999992 0.85998156827908611710 0.00000000099999999992 0.00000000099999999992 0.00000000099999999992 0.14001842472091405312 0.00000000099999999992 0.00000000099999999992 0.00000000099999999992 
0.00000000099999999980 0.85611840966303320855 0.00000000099999999980 0.00000000099999999980 0.00000000099999999980 0.14388158333696701718 0.00000000099999999980 0.00000000099999999980 0.00000000099999999980 
0.00000000099999999982 0.79757997520583956419 0.00000000099999999982 0.00000000099999999982 0.00000000099999999982 0.20242001779416063378 0.00000000099999999982 0.00000000099999999982 0.00000000099999999982 
0.00000000099999999997 0.92507054814720224289 0.00000000099999999997 0.00000000099999999997 0.00000000099999999997 0.07492944485279778855 0.00000000099999999997 0.00000000099999999997 0.00000000099999999997 
0.00000000099999999992 0.87452083646681288975 0.00000000099999999992 0.00000000099999999992 0.00000000099999999992 0.12547915653318711393 0.00000000099999999992 0.00000000099999999992 0.00000000099999999992 
0.00000000099999999957 0.00000000099999999957 0.00000000099999999957 0.00000000099999999957 0.00000000099999999957 0.00000000099999999957 0.00000000099999999957 0.99999999200000000421 0.00000000099999999957 
0.00000000099999999959 0.00000000099999999959 0.00000000099999999959 0.00000000099999999959 0.00000000099999999959 0.00000000099999999959 0.00000000099999999959 0.99999999200000000421 0.00000000099999999959 
0.00000000099999999968 0.00000000099999999968 0.00000000099999999968 0.00000000099999999968 0.00000000099999999968 0.00000000099999999968 0.00000000099999999968 0.99999999199999989319 0.00000000099999999968 
0.00000000099999999964 0.00000000099999999964 0.00000000099999999964 0.00000000099999999964 0.00000000099999999964 0.00000000099999999964 0.00000000099999999964 0.99999999200000000421 0.00000000099999999964 
0.00000000099999999957 0.00000000099999999957 0.00000000099999999957 0.00000000099999999957 0.00000000099999999957 0.00000000099999999957 0.00000000099999999957 0.99999999200000000421 0.00000000099999999957 
0.00000000099999999963 0.00000000099999999963 0.00000000099999999963 0.00000000099999999963 0.00000000099999999963 0.00000000099999999963 0.00000000099999999963 0.99999999199999989319 0.00000000099999999963 
0.00000000099999999965 0.00000000099999999965 0.00000000099999999965 0.00000000099999999965 0.00000000099999999965 0.00000000099999999965 0.00000000099999999965 0.99999999200000000421 0.00000000099999999965 
0.00000000099999999973 0.00000000099999999973 0.00000000099999999973 0.00000000099999999973 0.00000000099999999973 0.00000000099999999973 0.00000000099999999973 0.99999999199999989319 0.00000000099999999973 
0.00000000099999999967 0.00000000099999999967 0.00000000099999999967 0.00000000099999999967 0.00000000099999999967 0.00000000099999999967 0.00000000099999999967 0.99999999199999989319 0.00000000099999999967 
