0.00000000099999999971 0.00000000099999999971 0.00000000099999999971 0.00000000099999999971 0.00000000099999999971 0.00000000099999999971 0.00000000099999999971 0.00000000099999999971 0.00000000099999999971 0.00000000099999999971 0.00000000099999999971 0.00000000099999999971 0.99999998799999989529 
0.44582497732815012936 0.00000000099999999989 0.00000000099999999989 0.00000000099999999989 0.00000000099999999989 0.00000000099999999989 0.00000000099999999989 0.00000000376130119292 0.00000000099999999989 0.00000000099999999989 0.00000000099999999989 0.00000000099999999989 0.55417500891054827239 
0.65786661776615007469 0.00000000099999999984 0.00000000099999999984 0.00000000099999999984 0.00000000099999999984 0.00000000099999999984 0.00000000099999999984 0.33953082915890481219 0.00000000099999999984 0.00000000099999999984 0.00000000099999999984 0.00000000099999999984 0.00260254307494540678 
0.57035116546140740557 0.00000000099999999987 0.00000000099999999987 0.00000000099999999987 0.00000000099999999987 0.00000000099999999987 0.00000000099999999987 0.00177064742316250740 0.00000000099999999987 0.00000000099999999987 0.00000000099999999987 0.00000000099999999987 0.42787817711543035815 
0.45922414689772722562 0.00000000099999999985 0.00000000099999999985 0.00000000099999999985 0.00000000099999999985 0.00000000099999999985 0.00000000099999999985 0.30687964535594347559 0.00000000099999999985 0.00000000099999999985 0.00000000099999999985 0.00000000099999999985 0.23389619774632935956 
0.68838793020292210478 0.00000000099999999988 0.00000000099999999988 0.00000000099999999988 0.00000000099999999988 0.00000000099999999988 0.00000000099999999988 0.00000000099999999988 0.00000000099999999988 0.00000000099999999988 0.00000000099999999988 0.00000000099999999988 0.31161205879707826183 
0.65991802253229459030 0.00000000099999999987 0.00000000099999999987 0.00000000099999999987 0.00000000099999999987 0.00000000099999999987 0.00000000099999999987 0.00000008897735438183 0.00000000099999999987 0.00000000099999999987 0.00000000099999999987 0.00000000099999999987 0.34008187849035143024 
0.44494646220580641449 0.00235235584234393417 0.00000000099999999990 0.00000000099999999990 0.00000000099999999990 0.00000000099999999990 0.00000000099999999990 0.22629629036574366863 0.00000000099999999990 0.00000000099999999990 0.00000000099999999990 0.00000000099999999990 0.32640488258610594885 
0.00000141140750214192 0.00000000099999999981 0.00000000099999999981 0.00000000099999999981 0.00000000099999999981 0.00000000099999999981 0.00000000099999999981 0.50369610991516566845 0.00000000099999999981 0.00000000099999999981 0.00000000099999999981 0.00000000099999999981 0.49630246867733240901 
0.57500009608334701205 0.00000000099999999991 0.00000000099999999991 0.00000000099999999991 0.00000000099999999991 0.00000000099999999991 0.00000000099999999991 0.14829338840529288079 0.00000000099999999991 0.00000000099999999991 0.00000000099999999991 0.00000000099999999991 0.27670650551136055650 
0.66401576320700639311 0.00000000099999999986 0.00000000099999999986 0.00000000099999999986 0.00000000099999999986 0.00000000099999999986 0.00000000099999999986 0.00000237701207628534 0.00000000099999999986 0.00000000099999999986 0.00000000099999999986 0.00000000099999999986 0.33598184978091766295 
0.99999982711729729079 0.00000000142021145996 0.00000000099999999991 0.00000000099999999991 0.00000000099999999991 0.00000000388606706126 0.00000000179159454199 0.00000013160988311173 0.00000000840302008315 0.00000000099999999991 0.00000000223619446826 0.00000000371814310364 0.00000001581758906893 
0.37665292912653930424 0.00000000099999999991 0.00000000099999999991 0.00000000099999999991 0.00000000099999999991 0.00000000099999999991 0.00000000099999999991 0.25340235696145446687 0.00000000099999999991 0.00000000099999999991 0.00000000099999999991 0.00000000099999999991 0.36994470391200628967 
0.49778056796655373306 0.00000000099999999985 0.00000000099999999985 0.00000000099999999985 0.00000000099999999985 0.00000000099999999985 0.00000000099999999985 0.00000071626724204737 0.00000000099999999985 0.00000000099999999985 0.00000000099999999985 0.00000000099999999985 0.50221870576620397664 
0.46551235601254775665 0.00000000099999999984 0.00000000099999999984 0.00000000099999999984 0.00000000099999999984 0.00000000099999999984 0.00000000099999999984 0.00893307290545992776 0.00000000099999999984 0.00000000099999999984 0.00000000099999999984 0.00000000099999999984 0.52555456108199205545 
0.63673614269527067933 0.00000000099999999987 0.00000000099999999987 0.00000000099999999987 0.00000000099999999987 0.00000000099999999987 0.00000000099999999987 0.12276073091775908941 0.00000000099999999987 0.00000000099999999987 0.00000000099999999987 0.00000000099999999987 0.24050311638697050021 
0.99995314068213592140 0.00000000099999999980 0.00000000099999999980 0.00000000099999999980 0.00000000099999999980 0.00000000099999999980 0.00000000099999999980 0.00000000099999999980 0.00000000099999999980 0.00000000099999999980 0.00000000099999999980 0.00000000099999999980 0.00004684831786436104 
0.45400955895962152864 0.00000000099999999989 0.00000000099999999989 0.00000000099999999989 0.00000000099999999989 0.00000000099999999989 0.00000000099999999989 0.06993458931717431992 0.00000000099999999989 0.00000000099999999989 0.00000000099999999989 0.00000000099999999989 0.47605584172320414282 
0.55234907576348246661 0.00000000099999999982 0.00000000099999999982 0.00000000099999999982 0.00000000099999999982 0.00000000099999999982 0.00000000099999999982 0.44764433978243967083 0.00000000099999999982 0.00000000099999999982 0.00000000099999999982 0.00000000099999999982 0.00000657445407823923 
0.45367206589734110356 0.00000000099999999988 0.00000000099999999988 0.00000000099999999988 0.00000000099999999988 0.00000000099999999988 0.00000000099999999988 0.28502010884816075809 0.00000000099999999988 0.00000000099999999988 0.00000000099999999988 0.00000000099999999988 0.26130781525449814362 
0.56401332993522257375 0.00000000099999999997 0.00000000099999999997 0.00000000099999999997 0.00000000099999999997 0.00000000099999999997 0.00000000099999999997 0.18689407069710164966 0.00000000099999999997 0.00000000099999999997 0.00000000099999999997 0.00000000099999999997 0.24909258936767594839 
0.37940811973966587223 0.00000000099999999985 0.00000000099999999985 0.00000000099999999985 0.00000000099999999985 0.00000000099999999985 0.00000000099999999985 0.05576526162933250624 0.00000000099999999985 0.00000000099999999985 0.00000000099999999985 0.00000000099999999985 0.56482660863100131454 
0.74828342998222618920 0.00000000099999999996 0.00000000099999999996 0.00000000099999999996 0.00000000099999999996 0.00000000099999999996 0.00000000099999999996 0.01791206031679806743 0.00000000099999999996 0.00000000099999999996 0.00000000099999999996 0.00000000099999999996 0.23380449970097605394 
0.00000000222793213885 0.00000000099999999980 0.00000000099999999980 0.00000000099999999980 0.00000000099999999980 0.00000000099999999980 0.00000000099999999980 0.46815828354047789306 0.00000000099999999980 0.00000000099999999980 0.00000000099999999980 0.00000000099999999980 0.53184170423158971808 
0.72167054835995059214 0.00000000099999999987 0.00000000099999999987 0.00000000099999999987 0.00000000099999999987 0.00000000099999999987 0.00000000099999999987 0.00000196547650534876 0.00000000099999999987 0.00000000099999999987 0.00000000099999999987 0.00000000099999999987 0.27832747616354441833 
0.51649402690750678691 0.00000000099999999993 0.00000000099999999993 0.00000000099999999993 0.00000000099999999993 0.00000000099999999993 0.00000000099999999993 0.00104439711319297438 0.00000000099999999993 0.00000000099999999993 0.00000000099999999993 0.00000000099999999993 0.48246156597930056620 
0.50822052915875381984 0.00000000099999999986 0.00000000099999999986 0.00000000099999999986 0.00000000099999999986 0.00000000099999999986 0.00000000099999999986 0.26309148478177485364 0.00000000099999999986 0.00000000099999999986 0.00000000099999999986 0.00000000099999999986 0.22868797605947152607 
0.48930145674201758199 0.00000000099999999987 0.00000000099999999987 0.00000000099999999987 0.00000000099999999987 0.00000000099999999987 0.00000000099999999987 0.00000007212759945465 0.00000000099999999987 0.00000000099999999987 0.00000000099999999987 0.00000000099999999987 0.51069846113038264157 
0.41054997844705859444 0.00000000099999999997 0.00000000099999999997 0.00000000099999999997 0.00000000099999999997 0.00000000099999999997 0.00000000099999999997 0.22403514309252819947 0.00000000099999999997 0.00000000099999999997 0.00000000099999999997 0.00000000099999999997 0.36541486846041310033 
0.50354449121093225461 0.00000000099999999992 0.00000000099999999992 0.00000000099999999992 0.00000000099999999992 0.00000000099999999992 0.00000000099999999992 0.07514835270351355456 0.00000000099999999992 0.00000000099999999992 0.00000000099999999992 0.00000000099999999992 0.42130714608555458467 
0.59025273865602667644 0.00000000099999999987 0.00000000099999999987 0.00000000099999999987 0.00000000099999999987 0.00000000099999999987 0.00000000099999999987 0.20771782350751785695 0.00000000099999999987 0.00000000099999999987 0.00000000099999999987 0.00000000099999999987 0.20202942783645572167 
0.40663008500836900216 0.00000000099999999987 0.00000000099999999987 0.00000000099999999987 0.00000000099999999987 0.00000000099999999987 0.00000000099999999987 0.00000000099999999987 0.00000000099999999987 0.00000000099999999987 0.00000000099999999987 0.00000000099999999987 0.59336990399163069831 
0.67230955829992233852 0.00000000099999999986 0.00000000099999999986 0.00000000099999999986 0.00000000099999999986 0.00000000099999999986 0.00000000237163137474 0.32767385047968128342 0.00000000099999999986 0.00000000099999999986 0.00000000099999999986 0.00000000099999999986 0.00001657984876549086 
0.38874641417808014632 0.00000000099999999997 0.00000000099999999997 0.00000000099999999997 0.00000000099999999997 0.00000000099999999997 0.00000000099999999997 0.26887203639696255486 0.00000000099999999997 0.00000000099999999997 0.00000000099999999997 0.00000000099999999997 0.34238153942495719306 
0.71629820668512278470 0.00000000099999999988 0.00000000099999999988 0.00000000099999999988 0.00000000099999999988 0.00000000099999999988 0.00000000099999999988 0.00000009889830288695 0.00000000099999999988 0.00000000099999999988 0.00000000099999999988 0.00000000099999999988 0.28370168441657450664 
0.00000000099999999955 0.00000000099999999955 0.00000000099999999955 0.00000000099999999955 0.00000000099999999955 0.00000000099999999955 0.00000000099999999955 0.99999998800000000632 0.00000000099999999955 0.00000000099999999955 0.00000000099999999955 0.00000000099999999955 0.00000000099999999955 
0.54728606504634025320 0.00000000099999999986 0.00000000099999999986 0.00000000099999999986 0.00000000099999999986 0.00000000099999999986 0.00000000099999999986 0.08880751960229471553 0.00000000099999999986 0.00000000099999999986 0.00000000099999999986 0.00000000099999999986 0.36390640535136520306 
0.37348186464024318854 0.00000000099999999988 0.00000000099999999988 0.00000000099999999988 0.00000000099999999988 0.00000000099999999988 0.00000000099999999988 0.13476867571012615676 0.00000000099999999988 0.00000000099999999988 0.00000000099999999988 0.00000000099999999988 0.49174944964963057670 
0.99999998800000022836 0.00000000099999999980 0.00000000099999999980 0.00000000099999999980 0.00000000099999999980 0.00000000099999999980 0.00000000099999999980 0.00000000099999999980 0.00000000099999999980 0.00000000099999999980 0.00000000099999999980 0.00000000099999999980 0.00000000099999999980 
0.45706359614651237422 0.00000000099999999987 0.00000000099999999987 0.00000000099999999987 0.00000000099999999987 0.00000000099999999987 0.00000000099999999987 0.00000171521609055809 0.00000000099999999987 0.00000000099999999987 0.00000000099999999987 0.00000000099999999987 0.54293467863739675039 
0.47374327066892202298 0.00000000099999999990 0.00000000099999999990 0.00000000099999999990 0.00000000099999999990 0.00000000099999999990 0.00000000099999999990 0.00000017013288432096 0.00000000099999999990 0.00000000099999999990 0.00000000099999999990 0.00000000099999999990 0.52625654919819353506 
0.06546487022166862235 0.00000000254645446948 0.00018524334045295595 0.00000000100000000000 0.00000031517425207763 0.00000079212945129894 0.00260422432227894792 0.64569535517050935525 0.00000507151125766594 0.00000000100000000000 0.00366774341385783841 0.00002354032381874692 0.28235283984599796048 
0.67955924263370914851 0.00000000099999999991 0.00000000099999999991 0.00000000099999999991 0.00000000099999999991 0.00000000099999999991 0.00000000099999999991 0.00627164106558206896 0.00000000099999999991 0.00000000099999999991 0.00000000099999999991 0.00000000099999999991 0.31416910630070898902 
0.99999998800000033938 0.00000000099999999983 0.00000000099999999983 0.00000000099999999983 0.00000000099999999983 0.00000000099999999983 0.00000000099999999983 0.00000000099999999983 0.00000000099999999983 0.00000000099999999983 0.00000000099999999983 0.00000000099999999983 0.00000000099999999983 
0.99999998800000033938 0.00000000099999999974 0.00000000099999999974 0.00000000099999999974 0.00000000099999999974 0.00000000099999999974 0.00000000099999999974 0.00000000099999999974 0.00000000099999999974 0.00000000099999999974 0.00000000099999999974 0.00000000099999999974 0.00000000099999999974 
0.00000000099999999971 0.00000000099999999971 0.00000000099999999971 0.00000000099999999971 0.00000000099999999971 0.00000000099999999971 0.00000000099999999971 0.00000000099999999971 0.00000000099999999971 0.00000000099999999971 0.00000000099999999971 0.00000000099999999971 0.99999998800000000632 
0.58339963882520329275 0.00000000099999999990 0.00000000099999999990 0.00000000099999999990 0.00000000099999999990 0.00000000099999999990 0.00000000099999999990 0.14040342487096788004 0.00000000099999999990 0.00000000099999999990 0.00000000099999999990 0.00000000099999999990 0.27619692630382924881 
0.67184061609600465026 0.00000000099999999988 0.00000000099999999988 0.00000000099999999988 0.00000000099999999988 0.00000000099999999988 0.00000000099999999988 0.00010481745369634376 0.00000000099999999988 0.00000000099999999988 0.00000000099999999988 0.00000000099999999988 0.32805455645029912848 
0.00032738922781328037 0.00000000099999999983 0.00000000099999999983 0.00000000099999999983 0.00000000099999999983 0.00000000099999999983 0.00000000099999999983 0.40232813844983250640 0.00000000099999999983 0.00000000099999999983 0.00000000099999999983 0.00000000099999999983 0.59734446232235405283 
0.42499008387701003864 0.00000000099999999991 0.00000000099999999991 0.00000000099999999991 0.00000000099999999991 0.00000000099999999991 0.00000000099999999991 0.27903430002698009771 0.00000000099999999991 0.00000000099999999991 0.00000000099999999991 0.00000000099999999991 0.29597560609600981341 
0.38752907702836436599 0.00087730184593237876 0.00000000099999999999 0.00000000099999999999 0.00000000099999999999 0.00000000099999999999 0.00013394876573914356 0.00135565820765450235 0.02239261892753294583 0.00000000099999999999 0.00000000099999999999 0.00000000099999999999 0.58771138822477653196 
0.00000000099999999932 0.00000000099999999932 0.00000000099999999932 0.00000000099999999932 0.99999998800000011734 0.00000000099999999932 0.00000000099999999932 0.00000000099999999932 0.00000000099999999932 0.00000000099999999932 0.00000000099999999932 0.00000000099999999932 0.00000000099999999932 
0.00000000099999999945 0.00000000099999999945 0.00000000099999999945 0.00000000099999999945 0.99999998800000022836 0.00000000099999999945 0.00000000099999999945 0.00000000099999999945 0.00000000099999999945 0.00000000099999999945 0.00000000099999999945 0.00000000099999999945 0.00000000099999999945 
0.00000000099999999942 0.00000000099999999942 0.00000000099999999942 0.00000000099999999942 0.99999998800000022836 0.00000000099999999942 0.00000000099999999942 0.00000000099999999942 0.00000000099999999942 0.00000000099999999942 0.00000000099999999942 0.00000000099999999942 0.00000000099999999942 
0.00000000099999999947 0.00000000099999999947 0.00000000099999999947 0.00000000099999999947 0.99999998800000022836 0.00000000099999999947 0.00000000099999999947 0.00000000099999999947 0.00000000099999999947 0.00000000099999999947 0.00000000099999999947 0.00000000099999999947 0.00000000099999999947 
0.00000000099999999933 0.00000000099999999933 0.00000000099999999933 0.00000000099999999933 0.99999998800000011734 0.00000000099999999933 0.00000000099999999933 0.00000000099999999933 0.00000000099999999933 0.00000000099999999933 0.00000000099999999933 0.00000000099999999933 0.00000000099999999933 
0.00000000099999999928 0.00000000099999999928 0.00000000099999999928 0.00000000099999999928 0.00000000099999999928 0.00000000099999999928 0.00000000099999999928 0.00000000099999999928 0.00000000099999999928 0.99999998800000011734 0.00000000099999999928 0.00000000099999999928 0.00000000099999999928 
0.00000000099999999927 0.00000000099999999927 0.00000000099999999927 0.00000000099999999927 0.00000000099999999927 0.00000000099999999927 0.00000000099999999927 0.00000000099999999927 0.00000000099999999927 0.99999998800000000632 0.00000000099999999927 0.00000000099999999927 0.00000000099999999927 
0.00000000099999999923 0.00000000099999999923 0.00000000099999999923 0.00000000099999999923 0.00000000099999999923 0.00000000099999999923 0.00000000099999999923 0.00000000099999999923 0.00000000099999999923 0.99999998800000011734 0.00000000099999999923 0.00000000099999999923 0.00000000099999999923 
0.00000000099999999921 0.00000000099999999921 0.00000000099999999921 0.00000000099999999921 0.00000000099999999921 0.00000000099999999921 0.00000000099999999921 0.00000000099999999921 0.00000000099999999921 0.99999998800000011734 0.00000000099999999921 0.00000000099999999921 0.00000000099999999921 
0.00000000099999999916 0.00000000099999999916 0.00000000099999999916 0.00000000099999999916 0.00000000099999999916 0.00000000099999999916 0.00000000099999999916 0.00000000099999999916 0.00000000099999999916 0.99999998800000000632 0.00000000099999999916 0.00000000099999999916 0.00000000099999999916 
0.00000000099999999933 0.00000000099999999933 0.00000000099999999933 0.00000000099999999933 0.00000000099999999933 0.00000000099999999933 0.00000000099999999933 0.00000000099999999933 0.00000000099999999933 0.99999998800000011734 0.00000000099999999933 0.00000000099999999933 0.00000000099999999933 
0.00000000099999999901 0.00000000099999999901 0.00000000099999999901 0.00000000099999999901 0.00000000099999999901 0.00000000099999999901 0.00000000099999999901 0.00000000099999999901 0.00000000099999999901 0.99999998800000000632 0.00000000099999999901 0.00000000099999999901 0.00000000099999999901 
0.00000000099999999925 0.00000000099999999925 0.00000000099999999925 0.00000000099999999925 0.00000000099999999925 0.00000000099999999925 0.00000000099999999925 0.00000000099999999925 0.00000000099999999925 0.99999998800000000632 0.00000000099999999925 0.00000000099999999925 0.00000000099999999925 
0.00000000099999999914 0.00000000099999999914 0.00000000099999999914 0.00000000099999999914 0.00000000099999999914 0.00000000099999999914 0.00000000099999999914 0.00000000099999999914 0.00000000099999999914 0.99999998800000000632 0.00000000099999999914 0.00000000099999999914 0.00000000099999999914 
0.00000000099999999929 0.00000000099999999929 0.00000000099999999929 0.00000000099999999929 0.00000000099999999929 0.00000000099999999929 0.00000000099999999929 0.00000000099999999929 0.00000000099999999929 0.99999998800000011734 0.00000000099999999929 0.00000000099999999929 0.00000000099999999929 
0.00000000099999999934 0.00000000099999999934 0.00000000099999999934 0.00000000099999999934 0.00000000099999999934 0.00000000099999999934 0.00000000099999999934 0.00000000099999999934 0.00000000099999999934 0.99999998800000011734 0.00000000099999999934 0.00000000099999999934 0.00000000099999999934 
0.00000000099999999926 0.00000000099999999926 0.00000000099999999926 0.00000000099999999926 0.00000000099999999926 0.00000000099999999926 0.00000000099999999926 0.00000000099999999926 0.00000000099999999926 0.99999998800000000632 0.00000000099999999926 0.00000000099999999926 0.00000000099999999926 
0.00000000099999999923 0.00000000099999999923 0.00000000099999999923 0.00000000099999999923 0.00000000099999999923 0.00000000099999999923 0.00000000099999999923 0.00000000099999999923 0.00000000099999999923 0.99999998800000011734 0.00000000099999999923 0.00000000099999999923 0.00000000099999999923 
0.00000000099999999921 0.00000000099999999921 0.00000000099999999921 0.00000000099999999921 0.00000000099999999921 0.00000000099999999921 0.00000000099999999921 0.00000000099999999921 0.00000000099999999921 0.99999998800000011734 0.00000000099999999921 0.00000000099999999921 0.00000000099999999921 
0.00000000099999999923 0.00000000099999999923 0.00000000099999999923 0.00000000099999999923 0.00000000099999999923 0.00000000099999999923 0.00000000099999999923 0.00000000099999999923 0.00000000099999999923 0.99999998800000000632 0.00000000099999999923 0.00000000099999999923 0.00000000099999999923 
0.00000000099999999931 0.00000000099999999931 0.00000000099999999931 0.00000000099999999931 0.00000000099999999931 0.00000000099999999931 0.00000000099999999931 0.00000000099999999931 0.00000000099999999931 0.99999998800000011734 0.00000000099999999931 0.00000000099999999931 0.00000000099999999931 
0.00000000099999999933 0.00000000099999999933 0.00000000099999999933 0.00000000099999999933 0.00000000099999999933 0.00000000099999999933 0.00000000099999999933 0.00000000099999999933 0.00000000099999999933 0.99999998800000000632 0.00000000099999999933 0.00000000099999999933 0.00000000099999999933 
0.00000000099999999942 0.00000000099999999942 0.00000000099999999942 0.00000000099999999942 0.00000000099999999942 0.00000000099999999942 0.00000000099999999942 0.00000000099999999942 0.00000000099999999942 0.99999998800000000632 0.00000000099999999942 0.00000000099999999942 0.00000000099999999942 
0.00000000099999999927 0.00000000099999999927 0.00000000099999999927 0.00000000099999999927 0.00000000099999999927 0.00000000099999999927 0.00000000099999999927 0.00000000099999999927 0.00000000099999999927 0.99999998800000011734 0.00000000099999999927 0.00000000099999999927 0.00000000099999999927 
0.00000000099999999923 0.00000000099999999923 0.00000000099999999923 0.00000000099999999923 0.00000000099999999923 0.00000000099999999923 0.00000000099999999923 0.00000000099999999923 0.00000000099999999923 0.99999998800000011734 0.00000000099999999923 0.00000000099999999923 0.00000000099999999923 
0.00000000099999999928 0.00000000099999999928 0.00000000099999999928 0.00000000099999999928 0.00000000099999999928 0.00000000099999999928 0.00000000099999999928 0.00000000099999999928 0.00000000099999999928 0.99999998800000000632 0.00000000099999999928 0.00000000099999999928 0.00000000099999999928 
0.00000000099999999913 0.00000000099999999913 0.00000000099999999913 0.00000000099999999913 0.00000000099999999913 0.00000000099999999913 0.00000000099999999913 0.00000000099999999913 0.00000000099999999913 0.99999998800000011734 0.00000000099999999913 0.00000000099999999913 0.00000000099999999913 
0.00000000099999999934 0.00000000099999999934 0.00000000099999999934 0.00000000099999999934 0.00000000099999999934 0.00000000099999999934 0.00000000099999999934 0.00000000099999999934 0.00000000099999999934 0.99999998800000000632 0.00000000099999999934 0.00000000099999999934 0.00000000099999999934 
0.00000000099999999927 0.00000000099999999927 0.00000000099999999927 0.00000000099999999927 0.00000000099999999927 0.00000000099999999927 0.00000000099999999927 0.00000000099999999927 0.00000000099999999927 0.99999998800000000632 0.00000000099999999927 0.00000000099999999927 0.00000000099999999927 
0.00000000099999999979 0.00000000099999999979 0.07786449389998519044 0.00000000099999999979 0.00000000099999999979 0.00000000099999999979 0.00000000099999999979 0.00000000099999999979 0.00000000099999999979 0.00000000099999999979 0.00000000099999999979 0.92213549510001480147 0.00000000099999999979 
0.00000000099999999958 0.00000000099999999958 0.00000000099999999958 0.00000000099999999958 0.00000000099999999958 0.00000000099999999958 0.00000000099999999958 0.00000000099999999958 0.00000000099999999958 0.00000000099999999958 0.00000000099999999958 0.99999998800000000632 0.00000000099999999958 
0.00000000099999999963 0.00000000099999999963 0.00000000099999999963 0.00000000099999999963 0.00000000099999999963 0.00000000099999999963 0.00000000099999999963 0.00000000099999999963 0.00000000099999999963 0.00000000099999999963 0.00000000099999999963 0.99999998799999989529 0.00000000099999999963 
0.00000000099999999976 0.00000000099999999976 0.00000000099999999976 0.00000000099999999976 0.00000000099999999976 0.00000000099999999976 0.00000000099999999976 0.00000000099999999976 0.00000000099999999976 0.00000000099999999976 0.00000000099999999976 0.99999998800000000632 0.00000000099999999976 
0.00000000099999999827 0.00000000099999999827 0.99999998800000000632 0.00000000099999999827 0.00000000099999999827 0.00000000099999999827 0.00000000099999999827 0.00000000099999999827 0.00000000099999999827 0.00000000099999999827 0.00000000099999999827 0.00000000099999999827 0.00000000099999999827 
0.00000000099999999988 0.00000000099999999988 0.06329066050114610931 0.00000000099999999988 0.00000000099999999988 0.00000000099999999988 0.00000000099999999988 0.00000000099999999988 0.00000000099999999988 0.00000000099999999988 0.00000000099999999988 0.93670932849885379934 0.00000000099999999988 
0.00000000099999999985 0.00000000099999999985 0.08688870805700960043 0.00000000099999999985 0.00000000099999999985 0.00000000099999999985 0.00000000099999999985 0.00000000099999999985 0.00000000099999999985 0.00000000099999999985 0.00000000099999999985 0.91311128094299032210 0.00000000099999999985 
0.00000000099999999984 0.00000000099999999984 0.07939708627854666356 0.00000000099999999984 0.00000000099999999984 0.00000000099999999984 0.00000000099999999984 0.00000000099999999984 0.00000000099999999984 0.00000000099999999984 0.00000000099999999984 0.92060290272145328672 0.00000000099999999984 
0.00000000099999999983 0.00000000099999999983 0.00000000099999999983 0.00000000099999999983 0.00000000099999999983 0.00000000099999999983 0.00000000099999999983 0.00000000099999999983 0.00000000099999999983 0.00000000099999999983 0.00000000099999999983 0.99999998799999989529 0.00000000099999999983 
0.00000000099999999984 0.00000000099999999984 0.07118169073872865349 0.00000000099999999984 0.00000000099999999984 0.00000000099999999984 0.00000000099999999984 0.00000000099999999984 0.00000000099999999984 0.00000000099999999984 0.00000000099999999984 0.92881829826127138006 0.00000000099999999984 
0.00000000099999999844 0.00000000099999999844 0.99999998800000011734 0.00000000099999999844 0.00000000099999999844 0.00000000099999999844 0.00000000099999999844 0.00000000099999999844 0.00000000099999999844 0.00000000099999999844 0.00000000099999999844 0.00000000099999999844 0.00000000099999999844 
0.00000000099999999990 0.00000000099999999990 0.00000000099999999990 0.00000000099999999990 0.00000000099999999990 0.00000000099999999990 0.00000000099999999990 0.00000000099999999990 0.00000000099999999990 0.00000000099999999990 0.00000000099999999990 0.99999998800000000632 0.00000000099999999990 
0.00000000099999999977 0.00000000099999999977 0.00037511461459294448 0.00000000099999999977 0.00000000099999999977 0.00000000099999999977 0.00000000099999999977 0.00000000099999999977 0.00000000099999999977 0.00000000099999999977 0.00000000099999999977 0.99962487438540692519 0.00000000099999999977 
0.00000000099999999981 0.00000000099999999981 0.00000000099999999981 0.00000000099999999981 0.00000000099999999981 0.00000000099999999981 0.00000000099999999981 0.00000000099999999981 0.00000000099999999981 0.00000000099999999981 0.99999998800000000632 0.00000000099999999981 0.00000000099999999981 
0.00000000099999999990 0.00000000099999999990 0.00000000099999999990 0.00000000099999999990 0.15199117658990118906 0.79831126441220789935 0.00001869874955537381 0.00000000099999999990 0.01222865561214266789 0.00000000099999999990 0.03745019663619286038 0.00000000099999999990 0.00000000099999999990 
0.00000000099999999990 0.00000000099999999990 0.00000000099999999990 0.00000000099999999990 0.00000000099999999990 0.00000000099999999990 0.00000000099999999990 0.00000000099999999990 0.00000000099999999990 0.00000000099999999990 0.99999998800000000632 0.00000000099999999990 0.00000000099999999990 
0.00000000099999999995 0.00000000099999999995 0.00000000099999999995 0.00000000099999999995 0.06660866388744149380 0.75056913120416446361 0.07490634672649566783 0.00000000099999999995 0.00000000533066981068 0.00000000099999999995 0.10791584485122850123 0.00000000099999999995 0.00000000099999999995 
0.00000000099999999991 0.00000000099999999991 0.00000000099999999991 0.00000000099999999991 0.13912590552282871892 0.71671781509707299662 0.05676440373937004236 0.00000000099999999991 0.00000000099999999991 0.00000000099999999991 0.08739186664072837174 0.00000000099999999991 0.00000000099999999991 
0.00000000099999999986 0.00000000099999999986 0.00000000099999999986 0.00000000099999999986 0.00000000099999999986 0.00000000099999999986 0.00000000099999999986 0.00000000099999999986 0.00000000099999999986 0.00000000099999999986 0.99999998799999989529 0.00000000099999999986 0.00000000099999999986 
0.00000000099999999979 0.00000000099999999979 0.00000000099999999979 0.00000000099999999979 0.00000000099999999979 0.00000000099999999979 0.00000000099999999979 0.00000000099999999979 0.00000000099999999979 0.00000000099999999979 0.99999998800000000632 0.00000000099999999979 0.00000000099999999979 
0.00000000099999999993 0.00000000099999999993 0.00000000099999999993 0.00000000099999999993 0.11081634559236466786 0.64373671187870951105 0.07289567983408778984 0.00000000099999999993 0.06766901673140165996 0.00000000099999999993 0.10488223796343648653 0.00000000099999999993 0.00000000099999999993 
0.00000000099999999987 0.00000000099999999987 0.00000000099999999987 0.00000000099999999987 0.00000000099999999987 0.00000000099999999987 0.00000000099999999987 0.00000000099999999987 0.00000000099999999987 0.00000000099999999987 0.99999998800000000632 0.00000000099999999987 0.00000000099999999987 
0.00000000099999999988 0.00000000099999999988 0.00000000099999999988 0.00000000099999999988 0.00000000099999999988 0.00000000099999999988 0.00000000099999999988 0.00000000099999999988 0.00000000099999999988 0.00000000099999999988 0.99999998800000000632 0.00000000099999999988 0.00000000099999999988 
0.00000000099999999989 0.00000000099999999989 0.00000000099999999989 0.00000000099999999989 0.00000000099999999989 0.00000000099999999989 0.00000000099999999989 0.00000000099999999989 0.00000000099999999989 0.00000000099999999989 0.99999998800000000632 0.00000000099999999989 0.00000000099999999989 
0.00000000099999999987 0.00000000099999999987 0.00000000099999999987 0.00000000099999999987 0.00000000099999999987 0.00000000099999999987 0.00000000099999999987 0.00000000099999999987 0.00000000099999999987 0.00000000099999999987 0.99999998799999989529 0.00000000099999999987 0.00000000099999999987 
0.00000000099999999990 0.00000000099999999990 0.00000000099999999990 0.00000000099999999990 0.00000528782991171983 0.00000000099999999990 0.00000000099999999990 0.00000000099999999990 0.00000000099999999990 0.00000000099999999990 0.99999470117008826264 0.00000000099999999990 0.00000000099999999990 
0.00000000099999999994 0.00000000099999999994 0.00000000099999999994 0.00000000099999999994 0.00000000099999999994 0.00000000099999999994 0.00000000099999999994 0.00000000099999999994 0.00000000099999999994 0.00000000099999999994 0.99999998799999989529 0.00000000099999999994 0.00000000099999999994 
0.00000000099999999990 0.00000000099999999990 0.00000000099999999990 0.00000000099999999990 0.00000000099999999990 0.00000000099999999990 0.00000000099999999990 0.00000000099999999990 0.00000000099999999990 0.00000000099999999990 0.99999998800000000632 0.00000000099999999990 0.00000000099999999990 
0.00223861866943765152 0.00000000488429775631 0.00024685540475963052 0.01228186847022031888 0.17229666427676595952 0.70556317807218227323 0.02067867875448796064 0.00055081589090892310 0.04613617909025057723 0.00000000100000000000 0.03972933424780047268 0.00000165800603853800 0.00027614323285001972 
0.00000000099999999987 0.00000000099999999987 0.00000000099999999987 0.00000000099999999987 0.00000000099999999987 0.00000000099999999987 0.00000000099999999987 0.00000000099999999987 0.00000000099999999987 0.00000000099999999987 0.99999998799999989529 0.00000000099999999987 0.00000000099999999987 
0.00000000099999999988 0.00000000099999999988 0.00000000099999999988 0.00000000099999999988 0.00000000099999999988 0.00000000099999999988 0.00000000099999999988 0.00000000099999999988 0.00000000099999999988 0.00000000099999999988 0.99999998800000000632 0.00000000099999999988 0.00000000099999999988 
0.00000000099999999971 0.00000000099999999971 0.00000000099999999971 0.00000000099999999971 0.00000000099999999971 0.00000000099999999971 0.99999998800000000632 0.00000000099999999971 0.00000000099999999971 0.00000000099999999971 0.00000000099999999971 0.00000000099999999971 0.00000000099999999971 
0.00000000099999999982 0.00000000099999999982 0.00000000099999999982 0.00000000099999999982 0.00000000099999999982 0.17942578438883141634 0.82057420461116881150 0.00000000099999999982 0.00000000099999999982 0.00000000099999999982 0.00000000099999999982 0.00000000099999999982 0.00000000099999999982 
0.00000000099999999954 0.00000000099999999954 0.00000000099999999954 0.00000000099999999954 0.00000000099999999954 0.00000000099999999954 0.99999998800000000632 0.00000000099999999954 0.00000000099999999954 0.00000000099999999954 0.00000000099999999954 0.00000000099999999954 0.00000000099999999954 
0.00000000099999999982 0.00000000099999999982 0.00000000099999999982 0.00000000099999999982 0.00000000099999999982 0.36023945596837758654 0.63976053303162250252 0.00000000099999999982 0.00000000099999999982 0.00000000099999999982 0.00000000099999999982 0.00000000099999999982 0.00000000099999999982 
0.00000000099999999965 0.00000000099999999965 0.00000000099999999965 0.00000000099999999965 0.00000000099999999965 0.00000000099999999965 0.99999998800000000632 0.00000000099999999965 0.00000000099999999965 0.00000000099999999965 0.00000000099999999965 0.00000000099999999965 0.00000000099999999965 
0.00000000099999999968 0.00000000099999999968 0.00000000099999999968 0.00000000099999999968 0.00000000099999999968 0.00000000099999999968 0.99999998800000011734 0.00000000099999999968 0.00000000099999999968 0.00000000099999999968 0.00000000099999999968 0.00000000099999999968 0.00000000099999999968 
0.00000000099999999983 0.00000000099999999983 0.00000000099999999983 0.00000000099999999983 0.00000000099999999983 0.56419096725088291322 0.40928452668866216468 0.00000000099999999983 0.02652449606045519104 0.00000000099999999983 0.00000000099999999983 0.00000000099999999983 0.00000000099999999983 
0.00000000099999999954 0.00000000099999999954 0.00000000099999999954 0.00000000099999999954 0.00000000099999999954 0.00000000099999999954 0.99999998800000011734 0.00000000099999999954 0.00000000099999999954 0.00000000099999999954 0.00000000099999999954 0.00000000099999999954 0.00000000099999999954 
0.00000000099999999976 0.00000000099999999976 0.00000000099999999976 0.00000000099999999976 0.00000000099999999976 0.00000000099999999976 0.99999998800000000632 0.00000000099999999976 0.00000000099999999976 0.00000000099999999976 0.00000000099999999976 0.00000000099999999976 0.00000000099999999976 
0.00000000099999999959 0.00000000099999999959 0.00000000099999999959 0.00000000099999999959 0.00000000099999999959 0.00000000099999999959 0.99999998800000011734 0.00000000099999999959 0.00000000099999999959 0.00000000099999999959 0.00000000099999999959 0.00000000099999999959 0.00000000099999999959 
0.00000000099999999953 0.00000000099999999953 0.00000000099999999953 0.00000000099999999953 0.00000000099999999953 0.00000000099999999953 0.99999998800000000632 0.00000000099999999953 0.00000000099999999953 0.00000000099999999953 0.00000000099999999953 0.00000000099999999953 0.00000000099999999953 
0.00000000099999999958 0.00000000099999999958 0.00000000099999999958 0.00000000099999999958 0.00000000099999999958 0.00000000099999999958 0.99999998800000011734 0.00000000099999999958 0.00000000099999999958 0.00000000099999999958 0.00000000099999999958 0.00000000099999999958 0.00000000099999999958 
0.00000000099999999964 0.00000000099999999964 0.00000000099999999964 0.00000000099999999964 0.00000000099999999964 0.00000000099999999964 0.99999998800000000632 0.00000000099999999964 0.00000000099999999964 0.00000000099999999964 0.00000000099999999964 0.00000000099999999964 0.00000000099999999964 
0.00000000099999999942 0.00000000099999999942 0.00000000099999999942 0.00000000099999999942 0.00000000099999999942 0.00000000099999999942 0.99999998800000011734 0.00000000099999999942 0.00000000099999999942 0.00000000099999999942 0.00000000099999999942 0.00000000099999999942 0.00000000099999999942 
0.00000000099999999967 0.00000000099999999967 0.00000000099999999967 0.00000000099999999967 0.00000000099999999967 0.00016478597584632546 0.99983520302415374026 0.00000000099999999967 0.00000000099999999967 0.00000000099999999967 0.00000000099999999967 0.00000000099999999967 0.00000000099999999967 
0.00000000099999999971 0.00000000099999999971 0.00000000099999999971 0.00000000099999999971 0.00000000099999999971 0.00000000099999999971 0.99999998800000000632 0.00000000099999999971 0.00000000099999999971 0.00000000099999999971 0.00000000099999999971 0.00000000099999999971 0.00000000099999999971 
0.00000000099999999914 0.00000000099999999914 0.00000000099999999914 0.00000000099999999914 0.00000000099999999914 0.00000000099999999914 0.00000000099999999914 0.00000000099999999914 0.99999998800000000632 0.00000000099999999914 0.00000000099999999914 0.00000000099999999914 0.00000000099999999914 
0.00000000099999999892 0.00000000099999999892 0.00000000099999999892 0.00000000099999999892 0.00000000099999999892 0.00000000099999999892 0.00000000099999999892 0.00000000099999999892 0.99999998800000000632 0.00000000099999999892 0.00000000099999999892 0.00000000099999999892 0.00000000099999999892 
0.00000000099999999969 0.00000000099999999969 0.00000000099999999969 0.00000000099999999969 0.00000000099999999969 0.89135553305981218841 0.00000184722717805676 0.00000000099999999969 0.10864260971300995773 0.00000000099999999969 0.00000000099999999969 0.00000000099999999969 0.00000000099999999969 
0.00000000099999999974 0.00000000099999999974 0.00000000099999999974 0.00000000099999999974 0.00000000099999999974 0.82695788271484338416 0.12710435503102307520 0.00000000099999999974 0.04593775225413360835 0.00000000099999999974 0.00000000099999999974 0.00000000099999999974 0.00000000099999999974 
0.00000000099999999986 0.00000000099999999986 0.00000000099999999986 0.00000000099999999986 0.00000000099999999986 0.92026880147418022027 0.03773664659026705614 0.00000000099999999986 0.04199454193555281906 0.00000000099999999986 0.00000000099999999986 0.00000000099999999986 0.00000000099999999986 
0.00000000099999999977 0.00000000099999999977 0.00000000099999999977 0.00000000099999999977 0.00000000099999999977 0.87675905292028577520 0.04614111155488068855 0.00000000099999999977 0.07709982552483375662 0.00000000099999999977 0.00000000099999999977 0.00000000099999999977 0.00000000099999999977 
