0.00000000099999999993 0.99999999400000016969 0.00000000099999999993 0.00000000099999999993 0.00000000099999999993 0.00000000099999999993 0.00000000099999999993 
0.00000000099999999996 0.99999999400000005867 0.00000000099999999996 0.00000000099999999996 0.00000000099999999996 0.00000000099999999996 0.00000000099999999996 
0.00000000099999999994 0.99999999400000016969 0.00000000099999999994 0.00000000099999999994 0.00000000099999999994 0.00000000099999999994 0.00000000099999999994 
0.00000000099999999994 0.99999999400000016969 0.00000000099999999994 0.00000000099999999994 0.00000000099999999994 0.00000000099999999994 0.00000000099999999994 
0.00000000099999999993 0.99999999400000005867 0.00000000099999999993 0.00000000099999999993 0.00000000099999999993 0.00000000099999999993 0.00000000099999999993 
0.00000000099999999995 0.99999999400000005867 0.00000000099999999995 0.00000000099999999995 0.00000000099999999995 0.00000000099999999995 0.00000000099999999995 
0.00000000099999999994 0.99999999400000016969 0.00000000099999999994 0.00000000099999999994 0.00000000099999999994 0.00000000099999999994 0.00000000099999999994 
0.00000000099999999995 0.99616399398784560848 0.00000000099999999995 0.00000000099999999995 0.00000000099999999995 0.00000000099999999995 0.00383600101215456502 
0.00000000099999999995 0.99999999400000005867 0.00000000099999999995 0.00000000099999999995 0.00000000099999999995 0.00000000099999999995 0.00000000099999999995 
0.00000000099999999995 0.99999999400000005867 0.00000000099999999995 0.00000000099999999995 0.00000000099999999995 0.00000000099999999995 0.00000000099999999995 
0.00000000099999999993 0.99999999400000016969 0.00000000099999999993 0.00000000099999999993 0.00000000099999999993 0.00000000099999999993 0.00000000099999999993 
0.00000000099999999992 0.99999999400000016969 0.00000000099999999992 0.00000000099999999992 0.00000000099999999992 0.00000000099999999992 0.00000000099999999992 
0.00000000099999999996 0.99999999400000016969 0.00000000099999999996 0.00000000099999999996 0.00000000099999999996 0.00000000099999999996 0.00000000099999999996 
0.00000000099999999992 0.99999999400000005867 0.00000000099999999992 0.00000000099999999992 0.00000000099999999992 0.00000000099999999992 0.00000000099999999992 
0.00000000099999999992 0.99999999400000016969 0.00000000099999999992 0.00000000099999999992 0.00000000099999999992 0.00000000099999999992 0.00000000099999999992 
0.00000000099999999993 0.99999999400000005867 0.00000000099999999993 0.00000000099999999993 0.00000000099999999993 0.00000000099999999993 0.00000000099999999993 
0.00000000099999999995 0.99999999400000005867 0.00000000099999999995 0.00000000099999999995 0.00000000099999999995 0.00000000099999999995 0.00000000099999999995 
0.00000000099999999994 0.99999999400000005867 0.00000000099999999994 0.00000000099999999994 0.00000000099999999994 0.00000000099999999994 0.00000000099999999994 
0.00000000099999999995 0.99999999400000016969 0.00000000099999999995 0.00000000099999999995 0.00000000099999999995 0.00000000099999999995 0.00000000099999999995 
0.00000000099999999994 0.99999999400000005867 0.00000000099999999994 0.00000000099999999994 0.00000000099999999994 0.00000000099999999994 0.00000000099999999994 
0.00000000099999999998 0.99999999400000005867 0.00000000099999999998 0.00000000099999999998 0.00000000099999999998 0.00000000099999999998 0.00000000099999999998 
0.00000000099999999993 0.99999999400000005867 0.00000000099999999993 0.00000000099999999993 0.00000000099999999993 0.00000000099999999993 0.00000000099999999993 
0.00000000099999999998 0.99999999400000005867 0.00000000099999999998 0.00000000099999999998 0.00000000099999999998 0.00000000099999999998 0.00000000099999999998 
0.00000000099999999994 0.99999999400000016969 0.00000000099999999994 0.00000000099999999994 0.00000000099999999994 0.00000000099999999994 0.00000000099999999994 
0.00000000099999999994 0.99999999400000016969 0.00000000099999999994 0.00000000099999999994 0.00000000099999999994 0.00000000099999999994 0.00000000099999999994 
0.00000000099999999997 0.99999999400000016969 0.00000000099999999997 0.00000000099999999997 0.00000000099999999997 0.00000000099999999997 0.00000000099999999997 
0.00000000099999999993 0.99999999400000016969 0.00000000099999999993 0.00000000099999999993 0.00000000099999999993 0.00000000099999999993 0.00000000099999999993 
0.00000000099999999994 0.99999999400000005867 0.00000000099999999994 0.00000000099999999994 0.00000000099999999994 0.00000000099999999994 0.00000000099999999994 
0.00000000099999999998 0.99999999400000005867 0.00000000099999999998 0.00000000099999999998 0.00000000099999999998 0.00000000099999999998 0.00000000099999999998 
0.00000000099999999995 0.99999999400000005867 0.00000000099999999995 0.00000000099999999995 0.00000000099999999995 0.00000000099999999995 0.00000000099999999995 
0.00000000099999999993 0.99999999400000016969 0.00000000099999999993 0.00000000099999999993 0.00000000099999999993 0.00000000099999999993 0.00000000099999999993 
0.00000000099999999995 0.99999999400000005867 0.00000000099999999995 0.00000000099999999995 0.00000000099999999995 0.00000000099999999995 0.00000000099999999995 
0.00000000099999999994 0.99999999400000016969 0.00000000099999999994 0.00000000099999999994 0.00000000099999999994 0.00000000099999999994 0.00000000099999999994 
0.00000000099999999999 0.99999146492705481837 0.00000000099999999999 0.00000072534676600608 0.00000000099999999999 0.00000000099999999999 0.00000780572617938460 
0.00000000099999999995 0.99999999400000005867 0.00000000099999999995 0.00000000099999999995 0.00000000099999999995 0.00000000099999999995 0.00000000099999999995 
0.00000000099999999993 0.99999999400000005867 0.00000000099999999993 0.00000000099999999993 0.00000000099999999993 0.00000000099999999993 0.00000000099999999993 
0.00000000099999999992 0.99999999400000016969 0.00000000099999999992 0.00000000099999999992 0.00000000099999999992 0.00000000099999999992 0.00000000099999999992 
0.00000000099999999994 0.99999999400000016969 0.00000000099999999994 0.00000000099999999994 0.00000000099999999994 0.00000000099999999994 0.00000000099999999994 
0.00000000099999999994 0.99999999400000005867 0.00000000099999999994 0.00000000099999999994 0.00000000099999999994 0.00000000099999999994 0.00000000099999999994 
0.00000000099999999995 0.99999999400000016969 0.00000000099999999995 0.00000000099999999995 0.00000000099999999995 0.00000000099999999995 0.00000000099999999995 
0.00000000099999999996 0.99999999400000016969 0.00000000099999999996 0.00000000099999999996 0.00000000099999999996 0.00000000099999999996 0.00000000099999999996 
0.01776695700017281998 0.96273226219579555174 0.01390944020957527415 0.00408939227735914158 0.00150184524696676553 0.00000000590296911981 0.00000009716716121583 
0.00000000099999999996 0.99999999400000005867 0.00000000099999999996 0.00000000099999999996 0.00000000099999999996 0.00000000099999999996 0.00000000099999999996 
0.00000000099999999996 0.99999999400000016969 0.00000000099999999996 0.00000000099999999996 0.00000000099999999996 0.00000000099999999996 0.00000000099999999996 
0.00000000099999999992 0.99999999400000016969 0.00000000099999999992 0.00000000099999999992 0.00000000099999999992 0.00000000099999999992 0.00000000099999999992 
0.00000000099999999993 0.99999999400000016969 0.00000000099999999993 0.00000000099999999993 0.00000000099999999993 0.00000000099999999993 0.00000000099999999993 
0.00000000099999999994 0.99999999400000005867 0.00000000099999999994 0.00000000099999999994 0.00000000099999999994 0.00000000099999999994 0.00000000099999999994 
0.00000000099999999994 0.99999999400000005867 0.00000000099999999994 0.00000000099999999994 0.00000000099999999994 0.00000000099999999994 0.00000000099999999994 
0.00000000099999999995 0.99999999400000016969 0.00000000099999999995 0.00000000099999999995 0.00000000099999999995 0.00000000099999999995 0.00000000099999999995 
0.00000000099999999996 0.99999999400000016969 0.00000000099999999996 0.00000000099999999996 0.00000000099999999996 0.00000000099999999996 0.00000000099999999996 
0.00000940278570725324 0.96982057898560225517 0.00884974855292047606 0.00000251291502511948 0.01341177226128939352 0.00000000100000000000 0.00790598349945558637 
0.67777538565855544039 0.00000000099999999992 0.05464906657767414078 0.00000000099999999992 0.26757554376377062910 0.00000000099999999992 0.00000000099999999992 
0.65340287644427197389 0.00000000099999999993 0.06687068467727928789 0.00000000099999999993 0.27972643487844883747 0.00000000099999999993 0.00000000099999999993 
0.62916347005197736930 0.00000000099999999993 0.07219777072783603589 0.00000000099999999993 0.29863875522018662467 0.00000000099999999993 0.00000000099999999993 
0.63504970074986155648 0.00000000099999999994 0.09724366241157447743 0.00000000099999999994 0.26770663283856394044 0.00000000099999999994 0.00000000099999999994 
0.66492719224179741566 0.00000000099999999993 0.05547418503043788363 0.00000000099999999993 0.27959861872776486935 0.00000000099999999993 0.00000000099999999993 
0.00000000099999999964 0.00000000099999999964 0.00000000099999999964 0.00000000099999999964 0.00000000099999999964 0.99999999399999994765 0.00000000099999999964 
0.00000000099999999963 0.00000000099999999963 0.00000000099999999963 0.00000000099999999963 0.00000000099999999963 0.99999999400000005867 0.00000000099999999963 
0.00000000099999999962 0.00000000099999999962 0.00000000099999999962 0.00000000099999999962 0.00000000099999999962 0.99999999399999994765 0.00000000099999999962 
0.00000000099999999961 0.00000000099999999961 0.00000000099999999961 0.00000000099999999961 0.00000000099999999961 0.99999999400000005867 0.00000000099999999961 
0.00000000099999999958 0.00000000099999999958 0.00000000099999999958 0.00000000099999999958 0.00000000099999999958 0.99999999400000005867 0.00000000099999999958 
0.00000000099999999968 0.00000000099999999968 0.00000000099999999968 0.00000000099999999968 0.00000000099999999968 0.99999999399999994765 0.00000000099999999968 
0.00000000099999999952 0.00000000099999999952 0.00000000099999999952 0.00000000099999999952 0.00000000099999999952 0.99999999400000005867 0.00000000099999999952 
0.00000000099999999963 0.00000000099999999963 0.00000000099999999963 0.00000000099999999963 0.00000000099999999963 0.99999999400000005867 0.00000000099999999963 
0.00000000099999999957 0.00000000099999999957 0.00000000099999999957 0.00000000099999999957 0.00000000099999999957 0.99999999399999994765 0.00000000099999999957 
0.00000000099999999965 0.00000000099999999965 0.00000000099999999965 0.00000000099999999965 0.00000000099999999965 0.99999999399999994765 0.00000000099999999965 
0.00000000099999999969 0.00000000099999999969 0.00000000099999999969 0.00000000099999999969 0.00000000099999999969 0.99999999400000005867 0.00000000099999999969 
0.00000000099999999963 0.00000000099999999963 0.00000000099999999963 0.00000000099999999963 0.00000000099999999963 0.99999999400000005867 0.00000000099999999963 
0.00000000099999999962 0.00000000099999999962 0.00000000099999999962 0.00000000099999999962 0.00000000099999999962 0.99999999399999994765 0.00000000099999999962 
0.00000000099999999961 0.00000000099999999961 0.00000000099999999961 0.00000000099999999961 0.00000000099999999961 0.99999999400000005867 0.00000000099999999961 
0.00000000099999999962 0.00000000099999999962 0.00000000099999999962 0.00000000099999999962 0.00000000099999999962 0.99999999400000005867 0.00000000099999999962 
0.00000000099999999967 0.00000000099999999967 0.00000000099999999967 0.00000000099999999967 0.00000000099999999967 0.99999999399999994765 0.00000000099999999967 
0.00000000099999999967 0.00000000099999999967 0.00000000099999999967 0.00000000099999999967 0.00000000099999999967 0.99999999400000005867 0.00000000099999999967 
0.00000000099999999972 0.00000000099999999972 0.00000000099999999972 0.00000000099999999972 0.00000000099999999972 0.99999999400000005867 0.00000000099999999972 
0.00000000099999999965 0.00000000099999999965 0.00000000099999999965 0.00000000099999999965 0.00000000099999999965 0.99999999399999994765 0.00000000099999999965 
0.00000000099999999961 0.00000000099999999961 0.00000000099999999961 0.00000000099999999961 0.00000000099999999961 0.99999999399999994765 0.00000000099999999961 
0.00000000099999999965 0.00000000099999999965 0.00000000099999999965 0.00000000099999999965 0.00000000099999999965 0.99999999399999994765 0.00000000099999999965 
0.00000000099999999957 0.00000000099999999957 0.00000000099999999957 0.00000000099999999957 0.00000000099999999957 0.99999999400000005867 0.00000000099999999957 
0.00000000099999999967 0.00000000099999999967 0.00000000099999999967 0.00000000099999999967 0.00000000099999999967 0.99999999399999994765 0.00000000099999999967 
0.00000000099999999965 0.00000000099999999965 0.00000000099999999965 0.00000000099999999965 0.00000000099999999965 0.99999999400000005867 0.00000000099999999965 
0.00000000099999999995 0.00000000099999999995 0.00000000099999999995 0.99999999400000005867 0.00000000099999999995 0.00000000099999999995 0.00000000099999999995 
0.00000000099999999988 0.00000000099999999988 0.00000000099999999988 0.99999999399999994765 0.00000000099999999988 0.00000000099999999988 0.00000000099999999988 
0.00000000099999999991 0.00000000099999999991 0.00000000099999999991 0.99999999399999994765 0.00000000099999999991 0.00000000099999999991 0.00000000099999999991 
0.00000000099999999996 0.00000000099999999996 0.00000000099999999996 0.99999999400000005867 0.00000000099999999996 0.00000000099999999996 0.00000000099999999996 
0.00000000099999999976 0.00000000099999999976 0.00000000099999999976 0.99999999400000005867 0.00000000099999999976 0.00000000099999999976 0.00000000099999999976 
0.00435173889313834536 0.00000000099999999997 0.00000000099999999997 0.99564825610686158441 0.00000000099999999997 0.00000000099999999997 0.00000000099999999997 
0.00000000099999999995 0.00000000099999999995 0.00000000099999999995 0.99999999399999994765 0.00000000099999999995 0.00000000099999999995 0.00000000099999999995 
0.00000000099999999994 0.00000000099999999994 0.00000000099999999994 0.99999999400000005867 0.00000000099999999994 0.00000000099999999994 0.00000000099999999994 
0.00000000099999999996 0.00000000099999999996 0.00000000099999999996 0.99999999399999994765 0.00000000099999999996 0.00000000099999999996 0.00000000099999999996 
0.00000000099999999996 0.00000000099999999996 0.00060632936845015240 0.99939366563154974354 0.00000000099999999996 0.00000000099999999996 0.00000000099999999996 
0.00000000099999999979 0.00000000099999999979 0.00000000099999999979 0.99999999399999994765 0.00000000099999999979 0.00000000099999999979 0.00000000099999999979 
0.00000344930752907671 0.00000000099999999999 0.00000020367064161891 0.99999634136934323347 0.00000000265248596729 0.00000000099999999999 0.00000000099999999999 
0.00000000099999999993 0.00000000099999999993 0.00000000099999999993 0.99999999400000005867 0.00000000099999999993 0.00000000099999999993 0.00000000099999999993 
0.99999999400000016969 0.00000000099999999992 0.00000000099999999992 0.00000000099999999992 0.00000000099999999992 0.00000000099999999992 0.00000000099999999992 
0.13531975562950157577 0.00000000099999999997 0.10029805575767007653 0.00000000099999999997 0.76438218461282847471 0.00000000099999999997 0.00000000099999999997 
0.99999999400000005867 0.00000000099999999995 0.00000000099999999995 0.00000000099999999995 0.00000000099999999995 0.00000000099999999995 0.00000000099999999995 
0.15316584597386592725 0.00000000099999999998 0.18169806334625621114 0.00000000099999999998 0.66513608667987800249 0.00000000099999999998 0.00000000099999999998 
0.18356895966659919628 0.00000000099999999997 0.16237000760687414491 0.00000000099999999997 0.65406102872652682745 0.00000000099999999997 0.00000000099999999997 
0.99999999400000005867 0.00000000099999999993 0.00000000099999999993 0.00000000099999999993 0.00000000099999999993 0.00000000099999999993 0.00000000099999999993 
0.99999999400000005867 0.00000000099999999990 0.00000000099999999990 0.00000000099999999990 0.00000000099999999990 0.00000000099999999990 0.00000000099999999990 
0.17731550295820558416 0.00000000099999999997 0.16259032034977777270 0.00000000099999999997 0.66009417269201653422 0.00000000099999999997 0.00000000099999999997 
0.99999999400000016969 0.00000000099999999994 0.00000000099999999994 0.00000000099999999994 0.00000000099999999994 0.00000000099999999994 0.00000000099999999994 
0.99999999400000016969 0.00000000099999999994 0.00000000099999999994 0.00000000099999999994 0.00000000099999999994 0.00000000099999999994 0.00000000099999999994 
0.99999999400000016969 0.00000000099999999995 0.00000000099999999995 0.00000000099999999995 0.00000000099999999995 0.00000000099999999995 0.00000000099999999995 
0.99999999400000016969 0.00000000099999999994 0.00000000099999999994 0.00000000099999999994 0.00000000099999999994 0.00000000099999999994 0.00000000099999999994 
0.99999999400000016969 0.00000000099999999995 0.00000000099999999995 0.00000000099999999995 0.00000000099999999995 0.00000000099999999995 0.00000000099999999995 
0.99999999400000016969 0.00000000099999999997 0.00000000099999999997 0.00000000099999999997 0.00000000099999999997 0.00000000099999999997 0.00000000099999999997 
0.99999999400000005867 0.00000000099999999995 0.00000000099999999995 0.00000000099999999995 0.00000000099999999995 0.00000000099999999995 0.00000000099999999995 
0.13268453565189131105 0.02648352869997720391 0.09843007646744160455 0.00110940524528138282 0.74129082416795166743 0.00000000100000000000 0.00000162876745689123 
0.99999999400000005867 0.00000000099999999994 0.00000000099999999994 0.00000000099999999994 0.00000000099999999994 0.00000000099999999994 0.00000000099999999994 
0.99999999400000005867 0.00000000099999999994 0.00000000099999999994 0.00000000099999999994 0.00000000099999999994 0.00000000099999999994 0.00000000099999999994 
0.00000000099999999986 0.00000000099999999986 0.99999999400000005867 0.00000000099999999986 0.00000000099999999986 0.00000000099999999986 0.00000000099999999986 
0.00000000099999999991 0.00000000099999999991 0.87460762445780249053 0.00000000099999999991 0.12539237054219748435 0.00000000099999999991 0.00000000099999999991 
0.00000000099999999977 0.00000000099999999977 0.99999999399999994765 0.00000000099999999977 0.00000000099999999977 0.00000000099999999977 0.00000000099999999977 
0.00000000099999999991 0.00000000099999999991 0.70520625953502980021 0.00000000099999999991 0.29479373546497028569 0.00000000099999999991 0.00000000099999999991 
0.00000000099999999983 0.00000000099999999983 0.99999999399999994765 0.00000000099999999983 0.00000000099999999983 0.00000000099999999983 0.00000000099999999983 
0.00000000099999999984 0.00000000099999999984 0.99999999399999994765 0.00000000099999999984 0.00000000099999999984 0.00000000099999999984 0.00000000099999999984 
0.00000000099999999992 0.00000000099999999992 0.49148975838130459781 0.00000000099999999992 0.50851023661869543258 0.00000000099999999992 0.00000000099999999992 
0.00000000099999999977 0.00000000099999999977 0.99999999400000005867 0.00000000099999999977 0.00000000099999999977 0.00000000099999999977 0.00000000099999999977 
0.00000000099999999988 0.00000000099999999988 0.99999999399999994765 0.00000000099999999988 0.00000000099999999988 0.00000000099999999988 0.00000000099999999988 
0.00000000099999999980 0.00000000099999999980 0.99999999399999994765 0.00000000099999999980 0.00000000099999999980 0.00000000099999999980 0.00000000099999999980 
0.00000000099999999976 0.00000000099999999976 0.99999999399999994765 0.00000000099999999976 0.00000000099999999976 0.00000000099999999976 0.00000000099999999976 
0.00000000099999999979 0.00000000099999999979 0.99999999399999994765 0.00000000099999999979 0.00000000099999999979 0.00000000099999999979 0.00000000099999999979 
0.00000000099999999982 0.00000000099999999982 0.99999999400000005867 0.00000000099999999982 0.00000000099999999982 0.00000000099999999982 0.00000000099999999982 
0.00000000099999999971 0.00000000099999999971 0.99999999400000005867 0.00000000099999999971 0.00000000099999999971 0.00000000099999999971 0.00000000099999999971 
0.00000000099999999983 0.00000000099999999983 0.99999993915824503254 0.00000000099999999983 0.00000005584175497265 0.00000000099999999983 0.00000000099999999983 
0.00000000099999999986 0.00000000099999999986 0.99999999399999994765 0.00000000099999999986 0.00000000099999999986 0.00000000099999999986 0.00000000099999999986 
0.00000000099999999979 0.00000000099999999979 0.00000000099999999979 0.00000000099999999979 0.99999999400000005867 0.00000000099999999979 0.00000000099999999979 
0.00000000099999999974 0.00000000099999999974 0.00000000099999999974 0.00000000099999999974 0.99999999399999994765 0.00000000099999999974 0.00000000099999999974 
0.00000000099999999984 0.00000000099999999984 0.10617719386419703642 0.00000000099999999984 0.89382280113580303560 0.00000000099999999984 0.00000000099999999984 
0.00000000099999999987 0.00000000099999999987 0.23395463366234178770 0.00000000099999999987 0.76604536133765810391 0.00000000099999999987 0.00000000099999999987 
0.00000000099999999994 0.00000000099999999994 0.16475895199689838400 0.00000000099999999994 0.83524104300310153537 0.00000000099999999994 0.00000000099999999994 
0.00000000099999999989 0.00000000099999999989 0.15531051120883079819 0.00000000099999999989 0.84468948379116914893 0.00000000099999999989 0.00000000099999999989 
0.02150457495451501763 0.00000000217918645659 0.48035953647378232256 0.00000000100000000000 0.49813588339251629877 0.00000000100000000000 0.00000000100000000000 
0.00481606347481101753 0.02895882845362352312 0.37504439587793175770 0.00021304040066218069 0.59096756471607070349 0.00000008501248466189 0.00000002206441598300 
0.03297604678775152565 0.08813252913904559560 0.41044576259276005503 0.01864822600197468122 0.44975397181947651681 0.00000019697997809180 0.00004326667901365892 
0.00000000099999999995 0.00000000099999999995 0.35924287118335701541 0.00000000099999999995 0.64075712381664307049 0.00000000099999999995 0.00000000099999999995 
0.00000000099999999994 0.00000000099999999994 0.40092012302726459660 0.00000000099999999994 0.59907987197273537827 0.00000000099999999994 0.00000000099999999994 
0.00000000099999999996 0.00000000099999999996 0.40762454176105478165 0.00000000099999999996 0.59237545323894524874 0.00000000099999999996 0.00000000099999999996 
0.00000000099999999988 0.00000000099999999988 0.11799382008307041092 0.00000000099999999988 0.88200617491692967498 0.00000000099999999988 0.00000000099999999988 
0.00000000099999999988 0.00000000099999999988 0.18147169043065294880 0.00000000099999999988 0.81852830456934699832 0.00000000099999999988 0.00000000099999999988 
0.00000000099999999991 0.00000000099999999991 0.24280406133023432758 0.00000000099999999991 0.75719593366976556403 0.00000000099999999991 0.00000000099999999991 
0.00000000099999999986 0.00000000099999999986 0.09462416050921403088 0.00000000099999999986 0.90537583449078606890 0.00000000099999999986 0.00000000099999999986 
0.00000000099999999991 0.00000000099999999991 0.15442734498184901293 0.00000000099999999991 0.84557265001815085093 0.00000000099999999991 0.00000000099999999991 
0.00000000099999999987 0.00000000099999999987 0.00000601462933589055 0.00000000099999999987 0.99999398037066400402 0.00000000099999999987 0.00000000099999999987 
0.00000000099999999988 0.00000000099999999988 0.14794226864887977113 0.00000000099999999988 0.85205772635112031477 0.00000000099999999988 0.00000000099999999988 
0.00000000099999999986 0.00000000099999999986 0.09103883747502732049 0.00000000099999999986 0.90896115752497264051 0.00000000099999999986 0.00000000099999999986 
0.00000000099999999990 0.00000000099999999990 0.14586182914765655205 0.00000000099999999990 0.85413816585234347833 0.00000000099999999990 0.00000000099999999990 
0.00000000099999999988 0.00000000099999999988 0.16186367736516379945 0.00000000099999999988 0.83813631763483631421 0.00000000099999999988 0.00000000099999999988 
0.00000000099999999989 0.00000000099999999989 0.13171158290239981525 0.00000000099999999989 0.86828841209760010411 0.00000000099999999989 0.00000000099999999989 
0.00000000099999999993 0.00000000099999999993 0.13405693654153277850 0.00000000099999999993 0.86594305845846708536 0.00000000099999999993 0.00000000099999999993 
0.00000000099999999992 0.00000000099999999992 0.13959021925191164581 0.00000000099999999992 0.86040977574808841233 0.00000000099999999992 0.00000000099999999992 
0.00000000099999999993 0.00000000099999999993 0.12124336482366510070 0.00000000099999999993 0.87875663017633487417 0.00000000099999999993 0.00000000099999999993 
0.00000000099999999991 0.00000000099999999991 0.12761232199463676262 0.00000000099999999991 0.87238767300536335103 0.00000000099999999991 0.00000000099999999991 
0.00000000099999999996 0.00000000099999999996 0.12720909768132426798 0.00000000099999999996 0.87279089731867587343 0.00000000099999999996 0.00000000099999999996 
0.00000000099999999992 0.00000000099999999992 0.12270720119769006062 0.00000000099999999992 0.87729279380230995589 0.00000000099999999992 0.00000000099999999992 
0.00000000099999999988 0.00000000099999999988 0.15712425808515223524 0.00000000099999999988 0.84287573691484773963 0.00000000099999999988 0.00000000099999999988 
0.00000000099999999987 0.00000000099999999987 0.00000372245121608403 0.00000000099999999987 0.99999627254878398208 0.00000000099999999987 0.00000000099999999987 
0.00000000099999999989 0.00000000099999999989 0.17299435087516065734 0.00000000099999999989 0.82700564412483945631 0.00000000099999999989 0.00000000099999999989 
0.00000000099999999985 0.00000000099999999985 0.12864865073145737018 0.00000000099999999985 0.87135134426854254919 0.00000000099999999985 0.00000000099999999985 
0.00000000099999999985 0.00000000099999999985 0.10977653826598603171 0.00000000099999999985 0.89022345673401392929 0.00000000099999999985 0.00000000099999999985 
0.00000000099999999989 0.00000000099999999989 0.17463968115355749111 0.00000000099999999989 0.82536031384644259479 0.00000000099999999989 0.00000000099999999989 
0.00000000099999999987 0.00000000099999999987 0.16681926034614094623 0.00000000099999999987 0.83318073465385900089 0.00000000099999999987 0.00000000099999999987 
0.00000000099999999989 0.00000000099999999989 0.14960660499201658413 0.00000000099999999989 0.85039339000798352952 0.00000000099999999989 0.00000000099999999989 
0.00000000099999999992 0.00000000099999999992 0.13914619478299053434 0.00000000099999999992 0.86085380021700952380 0.00000000099999999992 0.00000000099999999992 
0.00000000099999999991 0.00000000099999999991 0.19291221486292423060 0.00000000099999999991 0.80708778013707582755 0.00000000099999999991 0.00000000099999999991 
0.00000000099999999992 0.00000000099999999992 0.10044982943810681908 0.00000000099999999992 0.89955016556189326682 0.00000000099999999992 0.00000000099999999992 
0.00000000099999999986 0.00000000099999999986 0.12556355847135250436 0.00000000099999999986 0.87443643652864744276 0.00000000099999999986 0.00000000099999999986 
0.00000000601576133330 0.00000000099999999997 0.17402365941520062109 0.00000000099999999997 0.82597633056903807525 0.00000000099999999997 0.00000000099999999997 
0.00000000099999999988 0.00000000099999999988 0.12498402807465090747 0.00000000099999999988 0.87501596692534922006 0.00000000099999999988 0.00000000099999999988 
0.02199499128240912579 0.00000000099999999990 0.12013066581646190956 0.00000000099999999990 0.85787433890112885226 0.00000000099999999990 0.00000000099999999990 
0.00000000099999999986 0.00000000099999999986 0.12073223327335308452 0.00000000099999999986 0.87926776172664700137 0.00000000099999999986 0.00000000099999999986 
0.00000000099999999990 0.00000000099999999990 0.16802402577562181030 0.00000000099999999990 0.83197596922437822009 0.00000000099999999990 0.00000000099999999990 
0.00000000099999999991 0.00000000099999999991 0.16660899860140748752 0.00000000099999999991 0.83339099639859248736 0.00000000099999999991 0.00000000099999999991 
0.00000000099999999989 0.00000000099999999989 0.15605648770416419291 0.00000000099999999989 0.84394350729583578197 0.00000000099999999989 0.00000000099999999989 
0.00000000099999999990 0.00000000099999999990 0.12620421533015085958 0.00000000099999999990 0.87379577966984922632 0.00000000099999999990 0.00000000099999999990 
0.00000000099999999992 0.00000000099999999992 0.12118250938176097775 0.00000000099999999992 0.87881748561823891386 0.00000000099999999992 0.00000000099999999992 
0.00000000099999999986 0.00000000099999999986 0.16975254118887017629 0.00000000099999999986 0.83024745381112985410 0.00000000099999999986 0.00000000099999999986 
0.00000000099999999995 0.00000000099999999995 0.14045904958762844839 0.00000000099999999995 0.85954094541237147098 0.00000000099999999995 0.00000000099999999995 
0.00000000099999999987 0.00000000099999999987 0.14425976162307665995 0.00000000099999999987 0.85574023337692328717 0.00000000099999999987 0.00000000099999999987 
0.00000000099999999988 0.00000000099999999988 0.20279967563232537131 0.00000000099999999988 0.79720031936767465908 0.00000000099999999988 0.00000000099999999988 
0.00000000099999999998 0.00000000099999999998 0.07611137776523441145 0.00000000099999999998 0.92388861723476567445 0.00000000099999999998 0.00000000099999999998 
0.00000000099999999995 0.00000000099999999995 0.12590808781685788875 0.00000000099999999995 0.87409190718314211388 0.00000000099999999995 0.00000000099999999995 
0.00000000099999999968 0.00000000099999999968 0.00000000099999999968 0.00000000099999999968 0.00000000099999999968 0.00000000099999999968 0.99999999400000005867 
0.00000000099999999969 0.00000000099999999969 0.00000000099999999969 0.00000000099999999969 0.00000000099999999969 0.00000000099999999969 0.99999999399999994765 
0.00000000099999999976 0.00000000099999999976 0.00000000099999999976 0.00000000099999999976 0.00000000099999999976 0.00000000099999999976 0.99999999400000005867 
0.00000000099999999973 0.00000000099999999973 0.00000000099999999973 0.00000000099999999973 0.00000000099999999973 0.00000000099999999973 0.99999999399999994765 
0.00000000099999999968 0.00000000099999999968 0.00000000099999999968 0.00000000099999999968 0.00000000099999999968 0.00000000099999999968 0.99999999399999994765 
0.00000000099999999973 0.00000000099999999973 0.00000000099999999973 0.00000000099999999973 0.00000000099999999973 0.00000000099999999973 0.99999999400000005867 
0.00000000099999999974 0.00000000099999999974 0.00000000099999999974 0.00000000099999999974 0.00000000099999999974 0.00000000099999999974 0.99999999399999994765 
0.00000000099999999979 0.00000000099999999979 0.00000000099999999979 0.00000000099999999979 0.00000000099999999979 0.00000000099999999979 0.99999999400000005867 
0.00000000099999999975 0.00000000099999999975 0.00000000099999999975 0.00000000099999999975 0.00000000099999999975 0.00000000099999999975 0.99999999399999994765 
0.00000000099999999969 0.00000000099999999969 0.00000000099999999969 0.00000000099999999969 0.00000000099999999969 0.00000000099999999969 0.99999999400000005867 
0.00000000099999999965 0.00000000099999999965 0.00000000099999999965 0.00000000099999999965 0.00000000099999999965 0.00000000099999999965 0.99999999399999994765 
0.00000000099999999966 0.00000000099999999966 0.00000000099999999966 0.00000000099999999966 0.00000000099999999966 0.00000000099999999966 0.99999999399999994765 
0.00000000099999999975 0.00000000099999999975 0.00000000099999999975 0.00000000099999999975 0.00000000099999999975 0.00000000099999999975 0.99999999400000005867 
0.00000000099999999967 0.00000000099999999967 0.00000000099999999967 0.00000000099999999967 0.00000000099999999967 0.00000000099999999967 0.99999999399999994765 
0.00000000099999999964 0.00000000099999999964 0.00000000099999999964 0.00000000099999999964 0.00000000099999999964 0.00000000099999999964 0.99999999400000005867 
0.00000000099999999970 0.00000000099999999970 0.00000000099999999970 0.00000000099999999970 0.00000000099999999970 0.00000000099999999970 0.99999999400000005867 
0.00000000099999999971 0.00000000099999999971 0.00000000099999999971 0.00000000099999999971 0.00000000099999999971 0.00000000099999999971 0.99999999399999994765 
0.00000000099999999967 0.00000000099999999967 0.00000000099999999967 0.00000000099999999967 0.00000000099999999967 0.00000000099999999967 0.99999999399999994765 
0.00000000099999999972 0.00000000099999999972 0.00000000099999999972 0.00000000099999999972 0.00000000099999999972 0.00000000099999999972 0.99999999399999994765 
0.00000000099999999978 0.00000000099999999978 0.00000000099999999978 0.41481605704369362009 0.00000000099999999978 0.58518393795630618825 0.00000000099999999978 
0.00000000099999999980 0.00000000099999999980 0.00000000099999999980 0.40176979454682382187 0.00000000099999999980 0.59823020045317620852 0.00000000099999999980 
0.00000000099999999980 0.00000000099999999980 0.00000000099999999980 0.40561478441094356295 0.00000000099999999980 0.59438521058905624539 0.00000000099999999980 
0.00000000099999999983 0.00000000099999999983 0.00000000099999999983 0.43331640644491820069 0.00000000099999999983 0.56668358855508171867 0.00000000099999999983 
0.99999999400000016969 0.00000000099999999994 0.00000000099999999994 0.00000000099999999994 0.00000000099999999994 0.00000000099999999994 0.00000000099999999994 
0.99999999400000016969 0.00000000099999999991 0.00000000099999999991 0.00000000099999999991 0.00000000099999999991 0.00000000099999999991 0.00000000099999999991 
0.99999999400000016969 0.00000000099999999997 0.00000000099999999997 0.00000000099999999997 0.00000000099999999997 0.00000000099999999997 0.00000000099999999997 
0.99999999400000016969 0.00000000099999999992 0.00000000099999999992 0.00000000099999999992 0.00000000099999999992 0.00000000099999999992 0.00000000099999999992 
0.99999999400000016969 0.00000000099999999987 0.00000000099999999987 0.00000000099999999987 0.00000000099999999987 0.00000000099999999987 0.00000000099999999987 
0.99999999400000016969 0.00000000099999999991 0.00000000099999999991 0.00000000099999999991 0.00000000099999999991 0.00000000099999999991 0.00000000099999999991 
0.97752568367101477786 0.00001928947422984809 0.00000000100000000000 0.00000563726844187967 0.00000004597896296360 0.02244933252739821083 0.00000001007995223944 
0.99999999400000005867 0.00000000099999999995 0.00000000099999999995 0.00000000099999999995 0.00000000099999999995 0.00000000099999999995 0.00000000099999999995 
0.99999999400000016969 0.00000000099999999994 0.00000000099999999994 0.00000000099999999994 0.00000000099999999994 0.00000000099999999994 0.00000000099999999994 
0.99999974326382912171 0.00000000410026876989 0.00000023074412983995 0.00000000099999999999 0.00000001889177240130 0.00000000099999999999 0.00000000099999999999 
0.99999999400000016969 0.00000000099999999996 0.00000000099999999996 0.00000000099999999996 0.00000000099999999996 0.00000000099999999996 0.00000000099999999996 
0.99999999400000005867 0.00000000099999999994 0.00000000099999999994 0.00000000099999999994 0.00000000099999999994 0.00000000099999999994 0.00000000099999999994 
0.99999999400000005867 0.00000000099999999993 0.00000000099999999993 0.00000000099999999993 0.00000000099999999993 0.00000000099999999993 0.00000000099999999993 
0.99999999400000016969 0.00000000099999999998 0.00000000099999999998 0.00000000099999999998 0.00000000099999999998 0.00000000099999999998 0.00000000099999999998 
0.99999728952532751514 0.00000000099999999998 0.00000270547467261925 0.00000000099999999998 0.00000000099999999998 0.00000000099999999998 0.00000000099999999998 
0.99999999400000005867 0.00000000099999999995 0.00000000099999999995 0.00000000099999999995 0.00000000099999999995 0.00000000099999999995 0.00000000099999999995 
0.99999999400000005867 0.00000000099999999995 0.00000000099999999995 0.00000000099999999995 0.00000000099999999995 0.00000000099999999995 0.00000000099999999995 
0.99999999400000005867 0.00000000099999999998 0.00000000099999999998 0.00000000099999999998 0.00000000099999999998 0.00000000099999999998 0.00000000099999999998 
0.99999999400000005867 0.00000000099999999995 0.00000000099999999995 0.00000000099999999995 0.00000000099999999995 0.00000000099999999995 0.00000000099999999995 
0.99999999400000016969 0.00000000099999999995 0.00000000099999999995 0.00000000099999999995 0.00000000099999999995 0.00000000099999999995 0.00000000099999999995 
0.99999999400000016969 0.00000000099999999998 0.00000000099999999998 0.00000000099999999998 0.00000000099999999998 0.00000000099999999998 0.00000000099999999998 
0.99999999400000016969 0.00000000099999999996 0.00000000099999999996 0.00000000099999999996 0.00000000099999999996 0.00000000099999999996 0.00000000099999999996 
0.99999829505277892938 0.00000000099999999998 0.00000169994722106495 0.00000000099999999998 0.00000000099999999998 0.00000000099999999998 0.00000000099999999998 
0.99999999400000016969 0.00000000099999999992 0.00000000099999999992 0.00000000099999999992 0.00000000099999999992 0.00000000099999999992 0.00000000099999999992 
0.99999999400000005867 0.00000000099999999996 0.00000000099999999996 0.00000000099999999996 0.00000000099999999996 0.00000000099999999996 0.00000000099999999996 
0.99999999400000005867 0.00000000099999999998 0.00000000099999999998 0.00000000099999999998 0.00000000099999999998 0.00000000099999999998 0.00000000099999999998 
0.99999999400000016969 0.00000000099999999991 0.00000000099999999991 0.00000000099999999991 0.00000000099999999991 0.00000000099999999991 0.00000000099999999991 
0.99999999400000016969 0.00000000099999999992 0.00000000099999999992 0.00000000099999999992 0.00000000099999999992 0.00000000099999999992 0.00000000099999999992 
0.99999999400000016969 0.00000000099999999993 0.00000000099999999993 0.00000000099999999993 0.00000000099999999993 0.00000000099999999993 0.00000000099999999993 
0.84214908404329147373 0.00000000099999999994 0.03825666702655627222 0.00000000099999999994 0.11959424493015224922 0.00000000099999999994 0.00000000099999999994 
0.99999999400000016969 0.00000000099999999993 0.00000000099999999993 0.00000000099999999993 0.00000000099999999993 0.00000000099999999993 0.00000000099999999993 
0.00000000099999999985 0.00000000099999999985 0.00000000099999999985 0.00000000099999999985 0.99999999400000005867 0.00000000099999999985 0.00000000099999999985 
0.00000000099999999984 0.00000000099999999984 0.00000000099999999984 0.00000000099999999984 0.99999999399999994765 0.00000000099999999984 0.00000000099999999984 
0.00000000099999999980 0.00000000099999999980 0.00000000099999999980 0.00000000099999999980 0.99999999399999994765 0.00000000099999999980 0.00000000099999999980 
0.00000000099999999983 0.00000000099999999983 0.06878930807566532857 0.00000000099999999983 0.93121068692433472958 0.00000000099999999983 0.00000000099999999983 
0.00000000099999999994 0.99999999400000016969 0.00000000099999999994 0.00000000099999999994 0.00000000099999999994 0.00000000099999999994 0.00000000099999999994 
0.00000000099999999995 0.99999999400000016969 0.00000000099999999995 0.00000000099999999995 0.00000000099999999995 0.00000000099999999995 0.00000000099999999995 
0.00000000099999999993 0.99999999400000016969 0.00000000099999999993 0.00000000099999999993 0.00000000099999999993 0.00000000099999999993 0.00000000099999999993 
0.00000000099999999994 0.99999999400000016969 0.00000000099999999994 0.00000000099999999994 0.00000000099999999994 0.00000000099999999994 0.00000000099999999994 
0.00000000099999999994 0.99999999400000016969 0.00000000099999999994 0.00000000099999999994 0.00000000099999999994 0.00000000099999999994 0.00000000099999999994 
