0.00000000099999999981 0.00000000099999999981 0.00000000099999999981 0.00000000099999999981 0.00000000099999999981 0.00000000099999999981 0.00000000099999999981 0.99999998999999994975 0.00000000099999999981 0.00000000099999999981 0.00000000099999999981 
0.00000000099999999994 0.00000000099999999994 0.00000000099999999994 0.00000000099999999994 0.00000000099999999994 0.00000000099999999994 0.00000000099999999994 0.34367965366871500166 0.16142418756788193268 0.44328882353684595508 0.05160732822655705876 
0.00000000099999999983 0.00000000099999999983 0.00000000099999999983 0.00000000099999999983 0.00000000099999999983 0.00000000099999999983 0.00000000099999999983 0.99999998999999994975 0.00000000099999999983 0.00000000099999999983 0.00000000099999999983 
0.00000000099999999991 0.00000000099999999991 0.00000000099999999991 0.00000000099999999991 0.00000000099999999991 0.00000000099999999991 0.00000000099999999991 0.36065881156230017446 0.24569160896798591942 0.39364941126985686370 0.00000016119985718180 
0.00000000099999999963 0.00000000099999999963 0.00000000099999999963 0.00000000099999999963 0.00000000099999999963 0.00000000099999999963 0.00000000099999999963 0.00000000099999999963 0.00000000099999999963 0.00000000099999999963 0.99999999000000006077 
0.00000000099999999993 0.00000000099999999993 0.00000000099999999993 0.00000000099999999993 0.00000000099999999993 0.00000000099999999993 0.00000000099999999993 0.31257122390131403256 0.16534877720671065093 0.42375769500875115625 0.09832229688322426109 
0.00000000099999999976 0.00000000099999999976 0.00000000099999999976 0.00000000099999999976 0.00000000099999999976 0.00000000099999999976 0.00000000099999999976 0.00000000099999999976 0.99999998999999994975 0.00000000099999999976 0.00000000099999999976 
0.00000000099999999988 0.00000000099999999988 0.00000000099999999988 0.00000000099999999988 0.00000000099999999988 0.00000000099999999988 0.00000000099999999988 0.74049651472618216452 0.25950347627381781246 0.00000000099999999988 0.00000000099999999988 
0.00000000099999999992 0.00000000099999999992 0.00000000099999999992 0.00000000099999999992 0.00000000099999999992 0.00000000099999999992 0.00000000099999999992 0.28434709960049703303 0.27869200174882424736 0.43696089045695180042 0.00000000119372692181 
0.00000000099999999985 0.00000000099999999985 0.00000000099999999985 0.00000000099999999985 0.00000000099999999985 0.00000000099999999985 0.00000000099999999985 0.99999998999999994975 0.00000000099999999985 0.00000000099999999985 0.00000000099999999985 
0.00000000099999999978 0.00000000099999999978 0.00000000099999999978 0.00000000099999999978 0.00000000099999999978 0.00000000099999999978 0.00000000099999999978 0.00000000099999999978 0.00000000099999999978 0.99999998999999994975 0.00000000099999999978 
0.00000000099999999979 0.00000000099999999979 0.00000000099999999979 0.00000000099999999979 0.00000000099999999979 0.00000000099999999979 0.00000000099999999979 0.00000000099999999979 0.00000000099999999979 0.99999999000000006077 0.00000000099999999979 
0.00000000099999999985 0.00000000099999999985 0.00000000099999999985 0.00000000099999999985 0.00000000099999999985 0.00000000099999999985 0.00000000099999999985 0.99999983416058524366 0.00000000099999999985 0.00000015683941473954 0.00000000099999999985 
0.00000000099999999987 0.00000000099999999987 0.00000000099999999987 0.00000000099999999987 0.00000000099999999987 0.00000000099999999987 0.00000000099999999987 0.39317089784941083863 0.00000000099999999987 0.60682909315058897182 0.00000000099999999987 
0.00000000099999999986 0.00000000099999999986 0.00000000099999999986 0.00000000099999999986 0.00000000099999999986 0.00000000099999999986 0.00000000099999999986 0.00000000099999999986 0.30196036133743014984 0.69803952362060428527 0.00000010704196542169 
0.00000000099999999981 0.00000000099999999981 0.00000000099999999981 0.00000000099999999981 0.00000000099999999981 0.00000000099999999981 0.00000000099999999981 0.99999999000000006077 0.00000000099999999981 0.00000000099999999981 0.00000000099999999981 
0.00000000099999999989 0.00000000099999999989 0.00000000099999999989 0.00000000099999999989 0.00000000099999999989 0.00000000099999999989 0.00000000099999999989 0.76080529701342713977 0.23919469398657280945 0.00000000099999999989 0.00000000099999999989 
0.00000000099999999984 0.00000000099999999984 0.00000000099999999984 0.00000000099999999984 0.00000000099999999984 0.00000000099999999984 0.00000000099999999984 0.99999998999999994975 0.00000000099999999984 0.00000000099999999984 0.00000000099999999984 
0.00000000099999999992 0.00000000099999999992 0.00000000099999999992 0.00000000099999999992 0.00000000099999999992 0.00000000099999999992 0.00000000099999999992 0.49807027198288139624 0.20444832414599239945 0.29748082165235179009 0.00000057521877440765 
0.00000000099999999988 0.00000000099999999988 0.00000000099999999988 0.00000000099999999988 0.00000000099999999988 0.00000000099999999988 0.00000000099999999988 0.00000003807728441227 0.54478568464490639833 0.45521425011868393851 0.00000002015912520173 
0.00000000099999999994 0.00000000099999999994 0.00000000099999999994 0.00000000099999999994 0.00000000099999999994 0.00000000099999999994 0.00000000099999999994 0.99999998999999994975 0.00000000099999999994 0.00000000099999999994 0.00000000099999999994 
0.00000000099999999987 0.00000000099999999987 0.00000000099999999987 0.00000000099999999987 0.00000000099999999987 0.00000000099999999987 0.00000000099999999987 0.44402729553927205997 0.00000010155228430463 0.55472147450455255857 0.00125112140389112779 
0.00000000099999999996 0.00000000099999999996 0.00000000099999999996 0.00000000099999999996 0.00000000099999999996 0.00000000099999999996 0.00000000099999999996 0.49597600186925089316 0.47918489724250284967 0.00488990840849902377 0.01994918547974717724 
0.00000000099999999991 0.00000000099999999991 0.00000000099999999991 0.00000000099999999991 0.00000000099999999991 0.00000000099999999991 0.00000000099999999991 0.37046201204607298596 0.23906756786928320957 0.24938855912067103837 0.14108185396397257549 
0.00000000099999999990 0.00000000099999999990 0.00000000099999999990 0.00000000099999999990 0.00000000099999999990 0.00000000099999999990 0.00000000099999999990 0.60914270894070643436 0.00000008316646836536 0.31610626607703423696 0.07475093481579093979 
0.00000000099999999993 0.00000000099999999993 0.00000000099999999993 0.00000000099999999993 0.00000000099999999993 0.00000000099999999993 0.00000000099999999993 0.49383534350597224627 0.47346311054672979290 0.00000846261204346898 0.03269307633525452700 
0.00000000099999999986 0.00000000099999999986 0.00000000099999999986 0.00000000099999999986 0.00000000099999999986 0.00000000099999999986 0.00000000099999999986 0.00000000099999999986 0.54322783434867549790 0.45677093212314029413 0.00000122552818414713 
0.00000000099999999989 0.00000000099999999989 0.00000000099999999989 0.00000000099999999989 0.00000000099999999989 0.00000000099999999989 0.00000000099999999989 0.00003248524295964834 0.39201331081459656058 0.40403224522260772211 0.20392195171983618085 
0.00000000099999999994 0.00000000099999999994 0.00000000099999999994 0.00000000099999999994 0.00000000099999999994 0.00000000099999999994 0.00000000099999999994 0.99999999000000006077 0.00000000099999999994 0.00000000099999999994 0.00000000099999999994 
0.00000000099999999984 0.00000000099999999984 0.00000000099999999984 0.00000000099999999984 0.00000000099999999984 0.00000000099999999984 0.00000000099999999984 0.99999999000000006077 0.00000000099999999984 0.00000000099999999984 0.00000000099999999984 
0.00000000099999999979 0.00000000099999999979 0.00000000099999999979 0.00000000099999999979 0.00000000099999999979 0.00000000099999999979 0.00000000099999999979 0.00000000099999999979 0.00000000099999999979 0.99999998999999994975 0.00000000099999999979 
0.00000000099999999980 0.00000000099999999980 0.00000000099999999980 0.00000000099999999980 0.00000000099999999980 0.00000000099999999980 0.00000000099999999980 0.00000000099999999980 0.00000000099999999980 0.99999998999999994975 0.00000000099999999980 
0.00000000099999999991 0.00000000099999999991 0.00000000099999999991 0.00000000099999999991 0.00000000099999999991 0.00000000099999999991 0.00000000099999999991 0.35821779411037096841 0.24376647478558063908 0.23792069029627327392 0.16009503380777520554 
0.00000000099999999997 0.00000000099999999997 0.00000000099999999997 0.00000000099999999997 0.00000000099999999997 0.00000000099999999997 0.00000000099999999997 0.64643732601911463309 0.35332523264269316554 0.00014109288249602322 0.00009634145569609978 
0.00000000099999999988 0.00000000099999999988 0.00000000099999999988 0.00000000099999999988 0.00000000099999999988 0.00000000099999999988 0.00000000099999999988 0.00000000099999999988 0.57588970861874799745 0.42411028238125197953 0.00000000099999999988 
0.00000000099999999978 0.00000000099999999978 0.00000000099999999978 0.00000000099999999978 0.00000000099999999978 0.00000000099999999978 0.00000000099999999978 0.00000000099999999978 0.00000000099999999978 0.99999998999999994975 0.00000000099999999978 
0.00000000099999999986 0.00000000099999999986 0.00000000099999999986 0.00000000099999999986 0.00000000099999999986 0.00000000099999999986 0.00000000099999999986 0.00000058790722268653 0.55111967809651640771 0.34203093972497672359 0.10684878727128403753 
0.00000000099999999983 0.00000000099999999983 0.00000000099999999983 0.00000000099999999983 0.00000000099999999983 0.00000000099999999983 0.00000000099999999983 0.99999990217452749963 0.00000000099999999983 0.00000000099999999983 0.00000008882547254098 
0.00000000099999999977 0.00000000099999999977 0.00000000099999999977 0.00000000099999999977 0.00000000099999999977 0.00000000099999999977 0.00000000099999999977 0.00000000099999999977 0.99999998999999994975 0.00000000099999999977 0.00000000099999999977 
0.00000000099999999989 0.00000000099999999989 0.00000000099999999989 0.00000000099999999989 0.00000000099999999989 0.00000000099999999989 0.00000000099999999989 0.44475882150672130244 0.00000000099999999989 0.55524107594073379701 0.00000009455254479246 
0.00000000099999999982 0.00000000099999999982 0.00000000099999999982 0.00000000099999999982 0.00000000099999999982 0.00000000099999999982 0.00000000099999999982 0.00000000099999999982 0.00000000099999999982 0.99999999000000006077 0.00000000099999999982 
0.00000000100000000000 0.00026281681834285195 0.00293012940090089415 0.00000156983932099887 0.00000000100000000000 0.00000000100000000000 0.00000000333592465738 0.55567566714172333953 0.00074679330402857244 0.06554164827658913450 0.37484136888316965663 
0.00000000099999999994 0.00000000099999999994 0.00000000099999999994 0.00000000099999999994 0.00000000099999999994 0.00000000099999999994 0.00000000099999999994 0.49310273933542930758 0.25639843853481625313 0.25049711598328661122 0.00000169914646768582 
0.00000000099999999985 0.00000000099999999985 0.00000000099999999985 0.00000000099999999985 0.00000000099999999985 0.00000000099999999985 0.00000000099999999985 0.99999998999999994975 0.00000000099999999985 0.00000000099999999985 0.00000000099999999985 
0.00000000099999999979 0.00000000099999999979 0.00000000099999999979 0.00000000099999999979 0.00000000099999999979 0.00000000099999999979 0.00000000099999999979 0.99999998999999994975 0.00000000099999999979 0.00000000099999999979 0.00000000099999999979 
0.00000000099999999976 0.00000000099999999976 0.00000000099999999976 0.00000000099999999976 0.00000000099999999976 0.00000000099999999976 0.00000000099999999976 0.00000000099999999976 0.99999999000000006077 0.00000000099999999976 0.00000000099999999976 
0.00000000099999999978 0.00000000099999999978 0.00000000099999999978 0.00000000099999999978 0.00000000099999999978 0.00000000099999999978 0.00000000099999999978 0.00000000099999999978 0.99999998999999994975 0.00000000099999999978 0.00000000099999999978 
0.00000000099999999992 0.00000000099999999992 0.00000000099999999992 0.00000000099999999992 0.00000000099999999992 0.00000000099999999992 0.00000000099999999992 0.48141838513349705098 0.25900599439854732342 0.24801990599069670407 0.01155570747725882634 
0.00000000099999999984 0.00000000099999999984 0.00000000099999999984 0.00000000099999999984 0.00000000099999999984 0.00000000099999999984 0.00000000099999999984 0.00000000099999999984 0.00000000099999999984 0.99999999000000006077 0.00000000099999999984 
0.00000000099999999992 0.00000000099999999992 0.00000000099999999992 0.00000000099999999992 0.00000000099999999992 0.00000000099999999992 0.00000000099999999992 0.59961785958770530414 0.00001191212331041713 0.30117217261063528033 0.09919804867834899897 
0.00000000099999999998 0.00000000099999999998 0.00000000099999999998 0.00000000099999999998 0.00000000099999999998 0.00000000099999999998 0.00000000099999999998 0.99999998999999994975 0.00000000099999999998 0.00000000099999999998 0.00000000099999999998 
0.00000000099999999983 0.67779190527101462749 0.05448393681560907698 0.00000000099999999983 0.00000000099999999983 0.00000000099999999983 0.26772414991337650791 0.00000000099999999983 0.00000000099999999983 0.00000000099999999983 0.00000000099999999983 
0.00000000099999999985 0.65341431932095372925 0.06668907067105384057 0.00000000099999999985 0.00000000099999999985 0.00000000099999999985 0.27989660200799254541 0.00000000099999999985 0.00000000099999999985 0.00000000099999999985 0.00000000099999999985 
0.00000000099999999984 0.62915947205010813725 0.07203266546669769010 0.00000000099999999984 0.00000000099999999984 0.00000000099999999984 0.29880785448319430175 0.00000000099999999984 0.00000000099999999984 0.00000000099999999984 0.00000000099999999984 
0.00000000099999999986 0.63504948758381851714 0.09706952197950469152 0.00000000099999999986 0.00000000099999999986 0.00000000099999999986 0.26788098243667707310 0.00000000099999999986 0.00000000099999999986 0.00000000099999999986 0.00000000099999999986 
0.00000000099999999984 0.66494288382335620113 0.05533326296591796478 0.00000000099999999984 0.00000000099999999984 0.00000000099999999984 0.27972384521072618524 0.00000000099999999984 0.00000000099999999984 0.00000000099999999984 0.00000000099999999984 
0.00000000099999999940 0.00000000099999999940 0.00000000099999999940 0.00000000099999999940 0.99999999000000006077 0.00000000099999999940 0.00000000099999999940 0.00000000099999999940 0.00000000099999999940 0.00000000099999999940 0.00000000099999999940 
0.00000000099999999940 0.00000000099999999940 0.00000000099999999940 0.00000000099999999940 0.99999999000000006077 0.00000000099999999940 0.00000000099999999940 0.00000000099999999940 0.00000000099999999940 0.00000000099999999940 0.00000000099999999940 
0.00000000099999999936 0.00000000099999999936 0.00000000099999999936 0.00000000099999999936 0.99999999000000006077 0.00000000099999999936 0.00000000099999999936 0.00000000099999999936 0.00000000099999999936 0.00000000099999999936 0.00000000099999999936 
0.00000000099999999935 0.00000000099999999935 0.00000000099999999935 0.00000000099999999935 0.99999999000000017180 0.00000000099999999935 0.00000000099999999935 0.00000000099999999935 0.00000000099999999935 0.00000000099999999935 0.00000000099999999935 
0.00000000099999999930 0.00000000099999999930 0.00000000099999999930 0.00000000099999999930 0.99999999000000006077 0.00000000099999999930 0.00000000099999999930 0.00000000099999999930 0.00000000099999999930 0.00000000099999999930 0.00000000099999999930 
0.00000000099999999943 0.00000000099999999943 0.00000000099999999943 0.00000000099999999943 0.99999999000000017180 0.00000000099999999943 0.00000000099999999943 0.00000000099999999943 0.00000000099999999943 0.00000000099999999943 0.00000000099999999943 
0.00000000099999999918 0.00000000099999999918 0.00000000099999999918 0.00000000099999999918 0.99999999000000006077 0.00000000099999999918 0.00000000099999999918 0.00000000099999999918 0.00000000099999999918 0.00000000099999999918 0.00000000099999999918 
0.00000000099999999938 0.00000000099999999938 0.00000000099999999938 0.00000000099999999938 0.99999999000000006077 0.00000000099999999938 0.00000000099999999938 0.00000000099999999938 0.00000000099999999938 0.00000000099999999938 0.00000000099999999938 
0.00000000099999999928 0.00000000099999999928 0.00000000099999999928 0.00000000099999999928 0.99999999000000017180 0.00000000099999999928 0.00000000099999999928 0.00000000099999999928 0.00000000099999999928 0.00000000099999999928 0.00000000099999999928 
0.00000000099999999941 0.00000000099999999941 0.00000000099999999941 0.00000000099999999941 0.99999999000000017180 0.00000000099999999941 0.00000000099999999941 0.00000000099999999941 0.00000000099999999941 0.00000000099999999941 0.00000000099999999941 
0.00000000099999999945 0.00000000099999999945 0.00000000099999999945 0.00000000099999999945 0.99999999000000017180 0.00000000099999999945 0.00000000099999999945 0.00000000099999999945 0.00000000099999999945 0.00000000099999999945 0.00000000099999999945 
0.00000000099999999937 0.00000000099999999937 0.00000000099999999937 0.00000000099999999937 0.99999999000000017180 0.00000000099999999937 0.00000000099999999937 0.00000000099999999937 0.00000000099999999937 0.00000000099999999937 0.00000000099999999937 
0.00000000099999999935 0.00000000099999999935 0.00000000099999999935 0.00000000099999999935 0.99999999000000006077 0.00000000099999999935 0.00000000099999999935 0.00000000099999999935 0.00000000099999999935 0.00000000099999999935 0.00000000099999999935 
0.00000000099999999934 0.00000000099999999934 0.00000000099999999934 0.00000000099999999934 0.99999999000000017180 0.00000000099999999934 0.00000000099999999934 0.00000000099999999934 0.00000000099999999934 0.00000000099999999934 0.00000000099999999934 
0.00000000099999999936 0.00000000099999999936 0.00000000099999999936 0.00000000099999999936 0.99999999000000006077 0.00000000099999999936 0.00000000099999999936 0.00000000099999999936 0.00000000099999999936 0.00000000099999999936 0.00000000099999999936 
0.00000000099999999943 0.00000000099999999943 0.00000000099999999943 0.00000000099999999943 0.99999999000000006077 0.00000000099999999943 0.00000000099999999943 0.00000000099999999943 0.00000000099999999943 0.00000000099999999943 0.00000000099999999943 
0.00000000099999999944 0.00000000099999999944 0.00000000099999999944 0.00000000099999999944 0.99999999000000017180 0.00000000099999999944 0.00000000099999999944 0.00000000099999999944 0.00000000099999999944 0.00000000099999999944 0.00000000099999999944 
0.00000000099999999952 0.00000000099999999952 0.00000000099999999952 0.00000000099999999952 0.99999999000000017180 0.00000000099999999952 0.00000000099999999952 0.00000000099999999952 0.00000000099999999952 0.00000000099999999952 0.00000000099999999952 
0.00000000099999999939 0.00000000099999999939 0.00000000099999999939 0.00000000099999999939 0.99999999000000017180 0.00000000099999999939 0.00000000099999999939 0.00000000099999999939 0.00000000099999999939 0.00000000099999999939 0.00000000099999999939 
0.00000000099999999936 0.00000000099999999936 0.00000000099999999936 0.00000000099999999936 0.99999999000000006077 0.00000000099999999936 0.00000000099999999936 0.00000000099999999936 0.00000000099999999936 0.00000000099999999936 0.00000000099999999936 
0.00000000099999999940 0.00000000099999999940 0.00000000099999999940 0.00000000099999999940 0.99999999000000006077 0.00000000099999999940 0.00000000099999999940 0.00000000099999999940 0.00000000099999999940 0.00000000099999999940 0.00000000099999999940 
0.00000000099999999927 0.00000000099999999927 0.00000000099999999927 0.00000000099999999927 0.99999999000000006077 0.00000000099999999927 0.00000000099999999927 0.00000000099999999927 0.00000000099999999927 0.00000000099999999927 0.00000000099999999927 
0.00000000099999999945 0.00000000099999999945 0.00000000099999999945 0.00000000099999999945 0.99999999000000006077 0.00000000099999999945 0.00000000099999999945 0.00000000099999999945 0.00000000099999999945 0.00000000099999999945 0.00000000099999999945 
0.00000000099999999940 0.00000000099999999940 0.00000000099999999940 0.00000000099999999940 0.99999999000000017180 0.00000000099999999940 0.00000000099999999940 0.00000000099999999940 0.00000000099999999940 0.00000000099999999940 0.00000000099999999940 
0.00000000099999999985 0.00000000099999999985 0.00000000099999999985 0.99999999000000006077 0.00000000099999999985 0.00000000099999999985 0.00000000099999999985 0.00000000099999999985 0.00000000099999999985 0.00000000099999999985 0.00000000099999999985 
0.00000000099999999977 0.00000000099999999977 0.00000000099999999977 0.99999999000000006077 0.00000000099999999977 0.00000000099999999977 0.00000000099999999977 0.00000000099999999977 0.00000000099999999977 0.00000000099999999977 0.00000000099999999977 
0.00000000099999999980 0.00000000099999999980 0.00000000099999999980 0.99999999000000006077 0.00000000099999999980 0.00000000099999999980 0.00000000099999999980 0.00000000099999999980 0.00000000099999999980 0.00000000099999999980 0.00000000099999999980 
0.00000000099999999990 0.00000000099999999990 0.00000000099999999990 0.99999999000000017180 0.00000000099999999990 0.00000000099999999990 0.00000000099999999990 0.00000000099999999990 0.00000000099999999990 0.00000000099999999990 0.00000000099999999990 
0.00000000099999999957 0.00000000099999999957 0.00000000099999999957 0.99999999000000006077 0.00000000099999999957 0.00000000099999999957 0.00000000099999999957 0.00000000099999999957 0.00000000099999999957 0.00000000099999999957 0.00000000099999999957 
0.04067153208161060352 0.00000000099999999992 0.00000000099999999992 0.95932845891838958163 0.00000000099999999992 0.00000000099999999992 0.00000000099999999992 0.00000000099999999992 0.00000000099999999992 0.00000000099999999992 0.00000000099999999992 
0.00000000099999999989 0.00000000099999999989 0.00000000099999999989 0.99999999000000006077 0.00000000099999999989 0.00000000099999999989 0.00000000099999999989 0.00000000099999999989 0.00000000099999999989 0.00000000099999999989 0.00000000099999999989 
0.00000000099999999988 0.00000000099999999988 0.00000000099999999988 0.99999999000000006077 0.00000000099999999988 0.00000000099999999988 0.00000000099999999988 0.00000000099999999988 0.00000000099999999988 0.00000000099999999988 0.00000000099999999988 
0.00000000099999999991 0.00000000099999999991 0.00000000099999999991 0.99999999000000006077 0.00000000099999999991 0.00000000099999999991 0.00000000099999999991 0.00000000099999999991 0.00000000099999999991 0.00000000099999999991 0.00000000099999999991 
0.00000000099999999988 0.00000000099999999988 0.00000000099999999988 0.99999999000000017180 0.00000000099999999988 0.00000000099999999988 0.00000000099999999988 0.00000000099999999988 0.00000000099999999988 0.00000000099999999988 0.00000000099999999988 
0.00000000099999999961 0.00000000099999999961 0.00000000099999999961 0.99999999000000017180 0.00000000099999999961 0.00000000099999999961 0.00000000099999999961 0.00000000099999999961 0.00000000099999999961 0.00000000099999999961 0.00000000099999999961 
0.00000000099999999995 0.00000000099999999995 0.00000000099999999995 0.99999999000000006077 0.00000000099999999995 0.00000000099999999995 0.00000000099999999995 0.00000000099999999995 0.00000000099999999995 0.00000000099999999995 0.00000000099999999995 
0.00000000099999999985 0.00000000099999999985 0.00000000099999999985 0.99999999000000017180 0.00000000099999999985 0.00000000099999999985 0.00000000099999999985 0.00000000099999999985 0.00000000099999999985 0.00000000099999999985 0.00000000099999999985 
0.00000000099999999983 0.99999999000000028282 0.00000000099999999983 0.00000000099999999983 0.00000000099999999983 0.00000000099999999983 0.00000000099999999983 0.00000000099999999983 0.00000000099999999983 0.00000000099999999983 0.00000000099999999983 
0.00000000099999999992 0.13533200467407383027 0.09991697977143247644 0.00000000099999999992 0.00000000099999999992 0.00000000099999999992 0.76475100755449365586 0.00000000099999999992 0.00000000099999999992 0.00000000099999999992 0.00000000099999999992 
0.00000000099999999990 0.99999999000000017180 0.00000000099999999990 0.00000000099999999990 0.00000000099999999990 0.00000000099999999990 0.00000000099999999990 0.00000000099999999990 0.00000000099999999990 0.00000000099999999990 0.00000000099999999990 
0.00000000099999999995 0.15316648081094164091 0.18129505836842416122 0.00000000099999999995 0.00000000099999999995 0.00000000099999999995 0.66553845282063417432 0.00000000099999999995 0.00000000099999999995 0.00000000099999999995 0.00000000099999999995 
0.00000000099999999993 0.18357770406305062849 0.16209872867264979446 0.00000000099999999993 0.00000000099999999993 0.00000000099999999993 0.65432355926429963677 0.00000000099999999993 0.00000000099999999993 0.00000000099999999993 0.00000000099999999993 
0.00000000099999999986 0.99999999000000017180 0.00000000099999999986 0.00000000099999999986 0.00000000099999999986 0.00000000099999999986 0.00000000099999999986 0.00000000099999999986 0.00000000099999999986 0.00000000099999999986 0.00000000099999999986 
0.00000000099999999981 0.99999999000000028282 0.00000000099999999981 0.00000000099999999981 0.00000000099999999981 0.00000000099999999981 0.00000000099999999981 0.00000000099999999981 0.00000000099999999981 0.00000000099999999981 0.00000000099999999981 
0.00000000099999999993 0.17735511150410712689 0.16215444998920791608 0.00000000099999999993 0.00000000099999999993 0.00000000099999999993 0.66049043050668487798 0.00000000099999999993 0.00000000099999999993 0.00000000099999999993 0.00000000099999999993 
0.00000000099999999988 0.99999999000000028282 0.00000000099999999988 0.00000000099999999988 0.00000000099999999988 0.00000000099999999988 0.00000000099999999988 0.00000000099999999988 0.00000000099999999988 0.00000000099999999988 0.00000000099999999988 
0.00000000099999999989 0.99999999000000028282 0.00000000099999999989 0.00000000099999999989 0.00000000099999999989 0.00000000099999999989 0.00000000099999999989 0.00000000099999999989 0.00000000099999999989 0.00000000099999999989 0.00000000099999999989 
0.00000000099999999990 0.99999999000000028282 0.00000000099999999990 0.00000000099999999990 0.00000000099999999990 0.00000000099999999990 0.00000000099999999990 0.00000000099999999990 0.00000000099999999990 0.00000000099999999990 0.00000000099999999990 
0.00000000099999999988 0.99999999000000028282 0.00000000099999999988 0.00000000099999999988 0.00000000099999999988 0.00000000099999999988 0.00000000099999999988 0.00000000099999999988 0.00000000099999999988 0.00000000099999999988 0.00000000099999999988 
0.00000000099999999990 0.99999999000000017180 0.00000000099999999990 0.00000000099999999990 0.00000000099999999990 0.00000000099999999990 0.00000000099999999990 0.00000000099999999990 0.00000000099999999990 0.00000000099999999990 0.00000000099999999990 
0.00000000099999999994 0.99999999000000017180 0.00000000099999999994 0.00000000099999999994 0.00000000099999999994 0.00000000099999999994 0.00000000099999999994 0.00000000099999999994 0.00000000099999999994 0.00000000099999999994 0.00000000099999999994 
0.00000000099999999991 0.99999999000000028282 0.00000000099999999991 0.00000000099999999991 0.00000000099999999991 0.00000000099999999991 0.00000000099999999991 0.00000000099999999991 0.00000000099999999991 0.00000000099999999991 0.00000000099999999991 
0.00091947423555410117 0.13256116741305731810 0.09420358889562197025 0.00000003984276395637 0.00000000100000000000 0.00000000100000000000 0.74501698656448656077 0.00034336714603472508 0.00002911745210337320 0.00009106901607351920 0.02683518743430439793 
0.00000000099999999988 0.99999999000000028282 0.00000000099999999988 0.00000000099999999988 0.00000000099999999988 0.00000000099999999988 0.00000000099999999988 0.00000000099999999988 0.00000000099999999988 0.00000000099999999988 0.00000000099999999988 
0.00000000099999999989 0.99999999000000028282 0.00000000099999999989 0.00000000099999999989 0.00000000099999999989 0.00000000099999999989 0.00000000099999999989 0.00000000099999999989 0.00000000099999999989 0.00000000099999999989 0.00000000099999999989 
0.00000000099999999972 0.00000000099999999972 0.99999999000000017180 0.00000000099999999972 0.00000000099999999972 0.00000000099999999972 0.00000000099999999972 0.00000000099999999972 0.00000000099999999972 0.00000000099999999972 0.00000000099999999972 
0.00000000099999999982 0.00000000099999999982 0.87435655360533148794 0.00000000099999999982 0.00000000099999999982 0.00000000099999999982 0.12564343739466871108 0.00000000099999999982 0.00000000099999999982 0.00000000099999999982 0.00000000099999999982 
0.00000000099999999956 0.00000000099999999956 0.99999999000000017180 0.00000000099999999956 0.00000000099999999956 0.00000000099999999956 0.00000000099999999956 0.00000000099999999956 0.00000000099999999956 0.00000000099999999956 0.00000000099999999956 
0.00000000099999999982 0.00000000099999999982 0.70503542184529777170 0.00000000099999999982 0.00000000099999999982 0.00000000099999999982 0.29496456915470248283 0.00000000099999999982 0.00000000099999999982 0.00000000099999999982 0.00000000099999999982 
0.00000000099999999967 0.00000000099999999967 0.99999999000000006077 0.00000000099999999967 0.00000000099999999967 0.00000000099999999967 0.00000000099999999967 0.00000000099999999967 0.00000000099999999967 0.00000000099999999967 0.00000000099999999967 
0.00000000099999999970 0.00000000099999999970 0.99999999000000017180 0.00000000099999999970 0.00000000099999999970 0.00000000099999999970 0.00000000099999999970 0.00000000099999999970 0.00000000099999999970 0.00000000099999999970 0.00000000099999999970 
0.00000000099999999984 0.00000000099999999984 0.49119580096794696056 0.00000000099999999984 0.00000000099999999984 0.00000000099999999984 0.50880419003205301642 0.00000000099999999984 0.00000000099999999984 0.00000000099999999984 0.00000000099999999984 
0.00000000099999999957 0.00000000099999999957 0.99999999000000017180 0.00000000099999999957 0.00000000099999999957 0.00000000099999999957 0.00000000099999999957 0.00000000099999999957 0.00000000099999999957 0.00000000099999999957 0.00000000099999999957 
0.00000000099999999976 0.00000000099999999976 0.99999999000000017180 0.00000000099999999976 0.00000000099999999976 0.00000000099999999976 0.00000000099999999976 0.00000000099999999976 0.00000000099999999976 0.00000000099999999976 0.00000000099999999976 
0.00000000099999999961 0.00000000099999999961 0.99999999000000006077 0.00000000099999999961 0.00000000099999999961 0.00000000099999999961 0.00000000099999999961 0.00000000099999999961 0.00000000099999999961 0.00000000099999999961 0.00000000099999999961 
0.00000000099999999956 0.00000000099999999956 0.99999999000000006077 0.00000000099999999956 0.00000000099999999956 0.00000000099999999956 0.00000000099999999956 0.00000000099999999956 0.00000000099999999956 0.00000000099999999956 0.00000000099999999956 
0.00000000099999999959 0.00000000099999999959 0.99999999000000017180 0.00000000099999999959 0.00000000099999999959 0.00000000099999999959 0.00000000099999999959 0.00000000099999999959 0.00000000099999999959 0.00000000099999999959 0.00000000099999999959 
0.00000000099999999965 0.00000000099999999965 0.99999999000000006077 0.00000000099999999965 0.00000000099999999965 0.00000000099999999965 0.00000000099999999965 0.00000000099999999965 0.00000000099999999965 0.00000000099999999965 0.00000000099999999965 
0.00000000099999999947 0.00000000099999999947 0.99999999000000006077 0.00000000099999999947 0.00000000099999999947 0.00000000099999999947 0.00000000099999999947 0.00000000099999999947 0.00000000099999999947 0.00000000099999999947 0.00000000099999999947 
0.00000000099999999966 0.00000000099999999966 0.99999999000000017180 0.00000000099999999966 0.00000000099999999966 0.00000000099999999966 0.00000000099999999966 0.00000000099999999966 0.00000000099999999966 0.00000000099999999966 0.00000000099999999966 
0.00000000099999999973 0.00000000099999999973 0.99999999000000006077 0.00000000099999999973 0.00000000099999999973 0.00000000099999999973 0.00000000099999999973 0.00000000099999999973 0.00000000099999999973 0.00000000099999999973 0.00000000099999999973 
0.00000000099999999960 0.00000000099999999960 0.00000000099999999960 0.00000000099999999960 0.00000000099999999960 0.00000000099999999960 0.99999999000000006077 0.00000000099999999960 0.00000000099999999960 0.00000000099999999960 0.00000000099999999960 
0.00000000099999999950 0.00000000099999999950 0.00000000099999999950 0.00000000099999999950 0.00000000099999999950 0.00000000099999999950 0.99999998999999994975 0.00000000099999999950 0.00000000099999999950 0.00000000099999999950 0.00000000099999999950 
0.00000000099999999969 0.00000000099999999969 0.10574417252911424980 0.00000000099999999969 0.00000000099999999969 0.00000000099999999969 0.89425581847088575493 0.00000000099999999969 0.00000000099999999969 0.00000000099999999969 0.00000000099999999969 
0.00000000099999999973 0.00000000099999999973 0.23361478253821912898 0.00000000099999999973 0.00000000099999999973 0.00000000099999999973 0.76638520846178093127 0.00000000099999999973 0.00000000099999999973 0.00000000099999999973 0.00000000099999999973 
0.00000000099999999987 0.00000000099999999987 0.16434441010735900690 0.00000000099999999987 0.00000000099999999987 0.00000000099999999987 0.83565558089264102559 0.00000000099999999987 0.00000000099999999987 0.00000000099999999987 0.00000000099999999987 
0.00000000099999999977 0.00000000099999999977 0.15493117103413567293 0.00000000099999999977 0.00000000099999999977 0.00000000099999999977 0.84506881996586447059 0.00000000099999999977 0.00000000099999999977 0.00000000099999999977 0.00000000099999999977 
0.00000000099999999999 0.02136839452989944960 0.48007126947117989557 0.00000000099999999999 0.00000000099999999999 0.00000000099999999999 0.49856032799892086027 0.00000000099999999999 0.00000000099999999999 0.00000000099999999999 0.00000000099999999999 
0.00000000100000000000 0.00016184545402604292 0.37049656727411356405 0.00000153936841452243 0.00000000100000000000 0.00000000100000000000 0.59625752496963169147 0.02416773796875372818 0.00026553217733308140 0.00001528468231530736 0.00863396510541198856 
0.00000793595277078732 0.03298311258108509864 0.40941086563496487116 0.00233686516486684157 0.00000000100000000000 0.00000000240876556974 0.45313451256613312967 0.00001752279633960253 0.00000001740567174717 0.10210916321357481340 0.00000000127582735001 
0.00000000099999999989 0.00000000099999999989 0.35891245126792303832 0.00000000099999999989 0.00000000099999999989 0.00000000099999999989 0.64108753973207710519 0.00000000099999999989 0.00000000099999999989 0.00000000099999999989 0.00000000099999999989 
0.00000000099999999988 0.00000000099999999988 0.40061417360581286218 0.00000000099999999988 0.00000000099999999988 0.00000000099999999988 0.59938581739418717031 0.00000000099999999988 0.00000000099999999988 0.00000000099999999988 0.00000000099999999988 
0.00000000099999999992 0.00000000099999999992 0.40732673944651714981 0.00000000099999999992 0.00000000099999999992 0.00000000099999999992 0.59267325155348293819 0.00000000099999999992 0.00000000099999999992 0.00000000099999999992 0.00000000099999999992 
0.00000000099999999977 0.00000000099999999977 0.11761949341738851815 0.00000000099999999977 0.00000000099999999977 0.00000000099999999977 0.88238049758261161148 0.00000000099999999977 0.00000000099999999977 0.00000000099999999977 0.00000000099999999977 
0.00000000099999999977 0.00000000099999999977 0.18112174897655458627 0.00000000099999999977 0.00000000099999999977 0.00000000099999999977 0.81887824202344550173 0.00000000099999999977 0.00000000099999999977 0.00000000099999999977 0.00000000099999999977 
0.00000000099999999980 0.00000000099999999980 0.24241119717241904619 0.00000000099999999980 0.00000000099999999980 0.00000000099999999980 0.75758879382758104182 0.00000000099999999980 0.00000000099999999980 0.00000000099999999980 0.00000000099999999980 
0.00000000099999999969 0.00000000099999999969 0.09421858081494370596 0.00000000099999999969 0.00000000099999999969 0.00000000099999999969 0.90578141018505631266 0.00000000099999999969 0.00000000099999999969 0.00000000099999999969 0.00000000099999999969 
0.00000000099999999982 0.00000000099999999982 0.15402722635953475239 0.00000000099999999982 0.00000000099999999982 0.00000000099999999982 0.84597276464046522459 0.00000000099999999982 0.00000000099999999982 0.00000000099999999982 0.00000000099999999982 
0.00000000099999999973 0.00000000099999999973 0.00000000099999999973 0.00000000099999999973 0.00000000099999999973 0.00000000099999999973 0.99999999000000006077 0.00000000099999999973 0.00000000099999999973 0.00000000099999999973 0.00000000099999999973 
0.00000000099999999975 0.00000000099999999975 0.14756072875761991336 0.00000000099999999975 0.00000000099999999975 0.00000000099999999975 0.85243926224238009137 0.00000000099999999975 0.00000000099999999975 0.00000000099999999975 0.00000000099999999975 
0.00000000099999999972 0.00000000099999999972 0.09065054124441056238 0.00000000099999999972 0.00000000099999999972 0.00000000099999999972 0.90934944975558951175 0.00000000099999999972 0.00000000099999999972 0.00000000099999999972 0.00000000099999999972 
0.00000000099999999979 0.00000000099999999979 0.14545431784550372223 0.00000000099999999979 0.00000000099999999979 0.00000000099999999979 0.85454567315449647680 0.00000000099999999979 0.00000000099999999979 0.00000000099999999979 0.00000000099999999979 
0.00000000099999999975 0.00000000099999999975 0.16151901323073017402 0.00000000099999999975 0.00000000099999999975 0.00000000099999999975 0.83848097776926999725 0.00000000099999999975 0.00000000099999999975 0.00000000099999999975 0.00000000099999999975 
0.00000000099999999978 0.00000000099999999978 0.13132060919387272824 0.00000000099999999978 0.00000000099999999978 0.00000000099999999978 0.86867938180612735977 0.00000000099999999978 0.00000000099999999978 0.00000000099999999978 0.00000000099999999978 
0.00000000099999999986 0.00000000099999999986 0.13365137684307443200 0.00000000099999999986 0.00000000099999999986 0.00000000099999999986 0.86634861415692554498 0.00000000099999999986 0.00000000099999999986 0.00000000099999999986 0.00000000099999999986 
0.00000000099999999983 0.00000000099999999983 0.13916858653906769017 0.00000000099999999983 0.00000000099999999983 0.00000000099999999983 0.86083140446093231457 0.00000000099999999983 0.00000000099999999983 0.00000000099999999983 0.00000000099999999983 
0.00000000099999999984 0.00000000099999999984 0.12075160769343200318 0.00000000099999999984 0.00000000099999999984 0.00000000099999999984 0.87924838330656818197 0.00000000099999999984 0.00000000099999999984 0.00000000099999999984 0.00000000099999999984 
0.00000000099999999982 0.00000000099999999982 0.12723405407243576493 0.00000000099999999982 0.00000000099999999982 0.00000000099999999982 0.87276593692756443410 0.00000000099999999982 0.00000000099999999982 0.00000000099999999982 0.00000000099999999982 
0.00000000099999999992 0.00000000099999999992 0.12675819824287476445 0.00000000099999999992 0.00000000099999999992 0.00000000099999999992 0.87324179275712532355 0.00000000099999999992 0.00000000099999999992 0.00000000099999999992 0.00000000099999999992 
0.00000000099999999984 0.00000000099999999984 0.12226651432090977767 0.00000000099999999984 0.00000000099999999984 0.00000000099999999984 0.87773347667909029646 0.00000000099999999984 0.00000000099999999984 0.00000000099999999984 0.00000000099999999984 
0.00000000099999999976 0.00000000099999999976 0.15677265266441098301 0.00000000099999999976 0.00000000099999999976 0.00000000099999999976 0.84322733833558904948 0.00000000099999999976 0.00000000099999999976 0.00000000099999999976 0.00000000099999999976 
