0.01854499376877226380 0.00000000099999999991 0.00000000099999999991 0.42979974667527148791 0.00000000099999999991 0.00000000099999999991 0.55165525355595634860 0.00000000099999999991 0.00000000099999999991 
0.00000000099999999990 0.00000000099999999990 0.00000000099999999990 0.99999999200000011523 0.00000000099999999990 0.00000000099999999990 0.00000000099999999990 0.00000000099999999990 0.00000000099999999990 
0.00000000099999999992 0.00000000099999999992 0.00000000099999999992 0.44947285186694951875 0.00000000099999999992 0.00000000099999999992 0.55052714113305056820 0.00000000099999999992 0.00000000099999999992 
0.00000000099999999992 0.00000000099999999992 0.00000000099999999992 0.72275716535475753588 0.00000000099999999992 0.00000000099999999992 0.27724282764524255107 0.00000000099999999992 0.00000000099999999992 
0.00365684617871201703 0.00000000099999999992 0.00000000099999999992 0.53418211739844012609 0.00000000099999999992 0.00000000099999999992 0.46216103042284800706 0.00000000099999999992 0.00000000099999999992 
0.00000000099999999986 0.00000000099999999986 0.00000000099999999986 0.00000000099999999986 0.00000000099999999986 0.00000000099999999986 0.99999999199999989319 0.00000000099999999986 0.00000000099999999986 
0.00000000099999999987 0.00000000099999999987 0.00000000099999999987 0.99999999200000000421 0.00000000099999999987 0.00000000099999999987 0.00000000099999999987 0.00000000099999999987 0.00000000099999999987 
0.00000000099999999988 0.00000000099999999988 0.00000000099999999988 0.99999999200000000421 0.00000000099999999988 0.00000000099999999988 0.00000000099999999988 0.00000000099999999988 0.00000000099999999988 
0.00000001484153900729 0.00000000099999999993 0.00000000099999999993 0.49447419649325591307 0.00000000099999999993 0.00000000099999999993 0.50552578266520509231 0.00000000099999999993 0.00000000099999999993 
0.00008896080158586618 0.00000000099999999994 0.00000000099999999994 0.52951159985638984740 0.00000000099999999994 0.00000000099999999994 0.47039943334202438674 0.00000000099999999994 0.00000000099999999994 
0.23086658430799794628 0.00000000099999999991 0.00000000099999999991 0.38948539188103753483 0.00000000099999999991 0.00000000099999999991 0.37964801781096457756 0.00000000099999999991 0.00000000099999999991 
0.00000000099999999983 0.00000000099999999983 0.00000000099999999983 0.00000000099999999983 0.00000000099999999983 0.00000000099999999983 0.99999999200000000421 0.00000000099999999983 0.00000000099999999983 
0.00000000099999999990 0.00000000099999999990 0.00000000099999999990 0.99999999200000011523 0.00000000099999999990 0.00000000099999999990 0.00000000099999999990 0.00000000099999999990 0.00000000099999999990 
0.00000000099999999991 0.00000000099999999991 0.00000000099999999991 0.69517622126400746563 0.00000000099999999991 0.00000000099999999991 0.30482377173599273235 0.00000000099999999991 0.00000000099999999991 
0.00000001890194038690 0.00000000099999999991 0.00000000099999999991 0.76303071748856043932 0.00000000099999999991 0.00000000099999999991 0.23696925760949916206 0.00000000099999999991 0.00000000099999999991 
0.00000000099999999992 0.00000000099999999992 0.00000000099999999992 0.53272919109199101673 0.00000000099999999992 0.00000000099999999992 0.46727080190800895920 0.00000000099999999992 0.00000000099999999992 
0.00000045982619322405 0.00000000099999999993 0.00000000099999999993 0.50038797657765077265 0.00000000099999999993 0.00000000099999999993 0.49961155759615594185 0.00000000099999999993 0.00000000099999999993 
0.10246702517455599790 0.00000000099999999993 0.00000000099999999993 0.35422255121822288082 0.00000000099999999993 0.00000000099999999993 0.54331041760722109668 0.00000000099999999993 0.00000000099999999993 
0.13888950180955347835 0.00000000099999999991 0.00000000099999999991 0.86096156679719137994 0.00000000099999999991 0.00000000099999999991 0.00014892539325514766 0.00000000099999999991 0.00000000099999999991 
0.00000000099999999992 0.00000000099999999992 0.00000000099999999992 0.77298988428088999392 0.00000000099999999992 0.00000000099999999992 0.22701010871911012079 0.00000000099999999992 0.00000000099999999992 
0.00000000099999999994 0.00000000099999999994 0.00000000099999999994 0.00000000099999999994 0.00000000099999999994 0.00000000099999999994 0.99999999199999989319 0.00000000099999999994 0.00000000099999999994 
0.16928742707969643422 0.00000000099999999992 0.00000000099999999992 0.52280490405674551191 0.00000000099999999992 0.00000000099999999992 0.30790766286355802928 0.00000000099999999992 0.00000000099999999992 
0.20418265131885043884 0.00000000099999999997 0.00000000099999999997 0.35902523993474366737 0.00000000099999999997 0.00000000099999999997 0.43679210274640611900 0.00000000099999999997 0.00000000099999999997 
0.16144260421857983823 0.00000000099999999993 0.00000000099999999993 0.59107336543551325381 0.00000000099999999993 0.00000000099999999993 0.24748402434590696664 0.00000000099999999993 0.00000000099999999993 
0.00000001609469348894 0.00000000099999999993 0.00000000099999999993 0.47763244145844252486 0.00000000099999999993 0.00000000099999999993 0.52236753644686406695 0.00000000099999999993 0.00000000099999999993 
0.17729186368246310779 0.00000000099999999996 0.00000000099999999996 0.52936851859068934090 0.00000000099999999996 0.00000000099999999996 0.29333961172684752672 0.00000000099999999996 0.00000000099999999996 
0.00000000099999999982 0.00000000099999999982 0.00000000099999999982 0.00000000099999999982 0.00000000099999999982 0.00000000099999999982 0.99999999200000000421 0.00000000099999999982 0.00000000099999999982 
0.00000000099999999988 0.00000000099999999988 0.00000000099999999988 0.99999999200000011523 0.00000000099999999988 0.00000000099999999988 0.00000000099999999988 0.00000000099999999988 0.00000000099999999988 
0.16709409010891609904 0.00000000099999999998 0.00000000099999999998 0.55981758842976270252 0.00000000099999999998 0.00000000099999999998 0.27308831546132134038 0.00000000099999999998 0.00000000099999999998 
0.00000000099999999990 0.00000000099999999990 0.00000000099999999990 0.99999999200000000421 0.00000000099999999990 0.00000000099999999990 0.00000000099999999990 0.00000000099999999990 0.00000000099999999990 
0.00000000099999999992 0.00000000099999999992 0.00000000099999999992 0.63710235260444803007 0.00000000099999999992 0.00000000099999999992 0.36289764039555205688 0.00000000099999999992 0.00000000099999999992 
0.00000000099999999985 0.00000000099999999985 0.00000000099999999985 0.00000000099999999985 0.00000000099999999985 0.00000000099999999985 0.99999999200000000421 0.00000000099999999985 0.00000000099999999985 
0.14900567283582175082 0.00000000099999999993 0.00000000099999999993 0.51800705808280811393 0.00000000099999999993 0.00000000099999999993 0.33298726308137016616 0.00000000099999999993 0.00000000099999999993 
0.22423199185306050274 0.00000000099999999998 0.00000000099999999998 0.36732045693161485822 0.00000000099999999998 0.00000000099999999998 0.40844754521532461444 0.00000000099999999998 0.00000000099999999998 
0.02228806906716249495 0.00000000099999999993 0.00000000099999999993 0.45516629816786302598 0.00000000099999999993 0.00000000099999999993 0.52254562676497451346 0.00000000099999999993 0.00000000099999999993 
0.00000000099999999983 0.00000000099999999983 0.00000000099999999983 0.00000000099999999983 0.00000000099999999983 0.00000000099999999983 0.99999999199999989319 0.00000000099999999983 0.00000000099999999983 
0.00000000099999999986 0.00000000099999999986 0.00000000099999999986 0.99999999200000011523 0.00000000099999999986 0.00000000099999999986 0.00000000099999999986 0.00000000099999999986 0.00000000099999999986 
0.00000000099999999988 0.00000000099999999988 0.00000000099999999988 0.99999999200000011523 0.00000000099999999988 0.00000000099999999988 0.00000000099999999988 0.00000000099999999988 0.00000000099999999988 
0.04516184241759459150 0.00000000099999999994 0.00000000099999999994 0.59337094244790378195 0.00000000099999999994 0.00000000099999999994 0.36146720913450175461 0.00000000099999999994 0.00000000099999999994 
0.23422093385488559902 0.00000000099999999990 0.00000000099999999990 0.76556532794542841991 0.00000000099999999990 0.00000000099999999990 0.00021373219968613653 0.00000000099999999990 0.00000000099999999990 
0.29004907472835839144 0.00000000099999999992 0.00000000099999999992 0.70977626551236450148 0.00000000099999999992 0.00000000099999999992 0.00017465375927717738 0.00000000099999999992 0.00000000099999999992 
0.41543745227979483881 0.00562244632638720602 0.00148270211413711276 0.14981753289842944521 0.00012061557720093074 0.00000000178018555907 0.42748624929190898181 0.00003299873195584638 0.00000000100000000000 
0.00096389361539572641 0.00000000099999999995 0.00000000099999999995 0.45920576833867893241 0.00000000099999999995 0.00000000099999999995 0.53983033204592534293 0.00000000099999999995 0.00000000099999999995 
0.00000005963901127679 0.00000000099999999987 0.00000000099999999987 0.00000000099999999987 0.00000000099999999987 0.00000000099999999987 0.99999993336098880192 0.00000000099999999987 0.00000000099999999987 
0.00000000099999999982 0.00000000099999999982 0.00000000099999999982 0.00000000099999999982 0.00000000099999999982 0.00000000099999999982 0.99999999199999989319 0.00000000099999999982 0.00000000099999999982 
0.00037773356268252828 0.00000000099999999992 0.00000000099999999992 0.47107521735440138766 0.00000000099999999992 0.00000000099999999992 0.52854704308291611259 0.00000000099999999992 0.00000000099999999992 
0.00000095639802471872 0.00000000099999999992 0.00000000099999999992 0.48974833312328003299 0.00000000099999999992 0.00000000099999999992 0.51025070447869524948 0.00000000099999999992 0.00000000099999999992 
0.00205226971124737069 0.00000000099999999993 0.00000000099999999993 0.47977003242591181875 0.00000000099999999993 0.00000000099999999993 0.51817769186284079463 0.00000000099999999993 0.00000000099999999993 
0.24059914654728062344 0.00000000099999999993 0.00000000099999999993 0.42915092719930136855 0.00000000099999999993 0.00000000099999999993 0.33024992025341798341 0.00000000099999999993 0.00000000099999999993 
0.18297889613686621479 0.00000000099999999995 0.00000000099999999995 0.43488800612542993784 0.00000000099999999995 0.00000000099999999995 0.38213309173770393379 0.00000000099999999995 0.00000000099999999995 
0.01316138134158494240 0.01206851665352604540 0.00000030623889826239 0.53878241703204787783 0.00000000173933377644 0.00820494930803545262 0.41833806438839238329 0.00944436229818117201 0.00000000100000000000 
0.00000000099999999987 0.05782069037914461251 0.67787177057836389693 0.00000000099999999987 0.00000000099999999987 0.00000000099999999987 0.00000000099999999987 0.26430753304249166025 0.00000000099999999987 
0.00000000099999999989 0.06875404659024526854 0.65352900049716611264 0.00000000099999999989 0.00000000099999999989 0.00000000099999999989 0.00000000099999999989 0.27771694691258869137 0.00000000099999999989 
0.00000000099999999989 0.07359766037761721058 0.62922518789100800873 0.00000000099999999989 0.00000000099999999989 0.00000000099999999989 0.00000000099999999989 0.29717714573137482548 0.00000000099999999989 
0.00000000099999999990 0.09874951619796369651 0.63509139239008427502 0.00000000099999999990 0.00000000099999999990 0.00000000099999999990 0.00000000099999999990 0.26615908541195204551 0.00000000099999999990 
0.00000000099999999988 0.05845838143921847779 0.66500956343418449190 0.00000000099999999988 0.00000000099999999988 0.00000000099999999988 0.00000000099999999988 0.27653204912659701264 0.00000000099999999988 
0.00000000099999999950 0.00000000099999999950 0.00000000099999999950 0.00000000099999999950 0.00000000099999999950 0.00000000099999999950 0.00000000099999999950 0.00000000099999999950 0.99999999199999989319 
0.00000000099999999949 0.00000000099999999949 0.00000000099999999949 0.00000000099999999949 0.00000000099999999949 0.00000000099999999949 0.00000000099999999949 0.00000000099999999949 0.99999999199999989319 
0.00000000099999999947 0.00000000099999999947 0.00000000099999999947 0.00000000099999999947 0.00000000099999999947 0.00000000099999999947 0.00000000099999999947 0.00000000099999999947 0.99999999199999989319 
0.00000000099999999946 0.00000000099999999946 0.00000000099999999946 0.00000000099999999946 0.00000000099999999946 0.00000000099999999946 0.00000000099999999946 0.00000000099999999946 0.99999999200000000421 
0.00000000099999999943 0.00000000099999999943 0.00000000099999999943 0.00000000099999999943 0.00000000099999999943 0.00000000099999999943 0.00000000099999999943 0.00000000099999999943 0.99999999200000000421 
0.00000000099999999954 0.00000000099999999954 0.00000000099999999954 0.00000000099999999954 0.00000000099999999954 0.00000000099999999954 0.00000000099999999954 0.00000000099999999954 0.99999999200000000421 
0.00000000099999999934 0.00000000099999999934 0.00000000099999999934 0.00000000099999999934 0.00000000099999999934 0.00000000099999999934 0.00000000099999999934 0.00000000099999999934 0.99999999200000000421 
0.00000000099999999949 0.00000000099999999949 0.00000000099999999949 0.00000000099999999949 0.00000000099999999949 0.00000000099999999949 0.00000000099999999949 0.00000000099999999949 0.99999999200000000421 
0.00000000099999999941 0.00000000099999999941 0.00000000099999999941 0.00000000099999999941 0.00000000099999999941 0.00000000099999999941 0.00000000099999999941 0.00000000099999999941 0.99999999200000000421 
0.00000000099999999952 0.00000000099999999952 0.00000000099999999952 0.00000000099999999952 0.00000000099999999952 0.00000000099999999952 0.00000000099999999952 0.00000000099999999952 0.99999999199999989319 
0.00000000099999999955 0.00000000099999999955 0.00000000099999999955 0.00000000099999999955 0.00000000099999999955 0.00000000099999999955 0.00000000099999999955 0.00000000099999999955 0.99999999200000000421 
0.00000000099999999949 0.00000000099999999949 0.00000000099999999949 0.00000000099999999949 0.00000000099999999949 0.00000000099999999949 0.00000000099999999949 0.00000000099999999949 0.99999999199999989319 
0.00000000099999999947 0.00000000099999999947 0.00000000099999999947 0.00000000099999999947 0.00000000099999999947 0.00000000099999999947 0.00000000099999999947 0.00000000099999999947 0.99999999199999989319 
0.00000000099999999946 0.00000000099999999946 0.00000000099999999946 0.00000000099999999946 0.00000000099999999946 0.00000000099999999946 0.00000000099999999946 0.00000000099999999946 0.99999999200000000421 
0.00000000099999999947 0.00000000099999999947 0.00000000099999999947 0.00000000099999999947 0.00000000099999999947 0.00000000099999999947 0.00000000099999999947 0.00000000099999999947 0.99999999199999989319 
0.00000000099999999954 0.00000000099999999954 0.00000000099999999954 0.00000000099999999954 0.00000000099999999954 0.00000000099999999954 0.00000000099999999954 0.00000000099999999954 0.99999999199999989319 
0.00000000099999999954 0.00000000099999999954 0.00000000099999999954 0.00000000099999999954 0.00000000099999999954 0.00000000099999999954 0.00000000099999999954 0.00000000099999999954 0.99999999199999989319 
0.00000000099999999961 0.00000000099999999961 0.00000000099999999961 0.00000000099999999961 0.00000000099999999961 0.00000000099999999961 0.00000000099999999961 0.00000000099999999961 0.99999999199999989319 
0.00000000099999999951 0.00000000099999999951 0.00000000099999999951 0.00000000099999999951 0.00000000099999999951 0.00000000099999999951 0.00000000099999999951 0.00000000099999999951 0.99999999199999989319 
0.00000000099999999946 0.00000000099999999946 0.00000000099999999946 0.00000000099999999946 0.00000000099999999946 0.00000000099999999946 0.00000000099999999946 0.00000000099999999946 0.99999999200000000421 
0.00000000099999999951 0.00000000099999999951 0.00000000099999999951 0.00000000099999999951 0.00000000099999999951 0.00000000099999999951 0.00000000099999999951 0.00000000099999999951 0.99999999200000000421 
0.00000000099999999940 0.00000000099999999940 0.00000000099999999940 0.00000000099999999940 0.00000000099999999940 0.00000000099999999940 0.00000000099999999940 0.00000000099999999940 0.99999999199999989319 
0.00000000099999999954 0.00000000099999999954 0.00000000099999999954 0.00000000099999999954 0.00000000099999999954 0.00000000099999999954 0.00000000099999999954 0.00000000099999999954 0.99999999199999989319 
0.00000000099999999951 0.00000000099999999951 0.00000000099999999951 0.00000000099999999951 0.00000000099999999951 0.00000000099999999951 0.00000000099999999951 0.00000000099999999951 0.99999999199999989319 
0.00000000099999999992 0.00000000099999999992 0.00000000099999999992 0.00000000099999999992 0.99999999200000000421 0.00000000099999999992 0.00000000099999999992 0.00000000099999999992 0.00000000099999999992 
0.00000000099999999985 0.00000000099999999985 0.00000000099999999985 0.00000000099999999985 0.99999999200000011523 0.00000000099999999985 0.00000000099999999985 0.00000000099999999985 0.00000000099999999985 
0.00000000099999999989 0.00000000099999999989 0.00000000099999999989 0.00000000099999999989 0.99999999200000000421 0.00000000099999999989 0.00000000099999999989 0.00000000099999999989 0.00000000099999999989 
0.00000000099999999996 0.00000000099999999996 0.00000000099999999996 0.00000000099999999996 0.99999999200000000421 0.00000000099999999996 0.00000000099999999996 0.00000000099999999996 0.00000000099999999996 
0.00000000099999999969 0.00000000099999999969 0.00000000099999999969 0.00000000099999999969 0.99999999200000011523 0.00000000099999999969 0.00000000099999999969 0.00000000099999999969 0.00000000099999999969 
0.00000000099999999995 0.00000000099999999995 0.00378202651315105243 0.00000000099999999995 0.99621796648684890485 0.00000000099999999995 0.00000000099999999995 0.00000000099999999995 0.00000000099999999995 
0.00000000099999999994 0.00000000099999999994 0.00000000099999999994 0.00000000099999999994 0.99999999200000011523 0.00000000099999999994 0.00000000099999999994 0.00000000099999999994 0.00000000099999999994 
0.00000000099999999993 0.00000000099999999993 0.00000000099999999993 0.00000000099999999993 0.99999999200000011523 0.00000000099999999993 0.00000000099999999993 0.00000000099999999993 0.00000000099999999993 
0.00000000099999999995 0.00000000099999999995 0.00000000099999999995 0.00000000099999999995 0.99999999200000011523 0.00000000099999999995 0.00000000099999999995 0.00000000099999999995 0.00000000099999999995 
0.00000000099999999994 0.00036439783737824967 0.00000000099999999994 0.00000000099999999994 0.99963559516262168181 0.00000000099999999994 0.00000000099999999994 0.00000000099999999994 0.00000000099999999994 
0.00000000099999999972 0.00000000099999999972 0.00000000099999999972 0.00000000099999999972 0.99999999200000000421 0.00000000099999999972 0.00000000099999999972 0.00000000099999999972 0.00000000099999999972 
0.00000000099999999998 0.00000000564311582154 0.00000005650704366453 0.00000000099999999998 0.99999993184984048433 0.00000000099999999998 0.00000000099999999998 0.00000000099999999998 0.00000000099999999998 
0.00000000099999999991 0.00000000099999999991 0.00000000099999999991 0.00000000099999999991 0.99999999200000011523 0.00000000099999999991 0.00000000099999999991 0.00000000099999999991 0.00000000099999999991 
0.00000000099999999987 0.00000000099999999987 0.99999999200000000421 0.00000000099999999987 0.00000000099999999987 0.00000000099999999987 0.00000000099999999987 0.00000000099999999987 0.00000000099999999987 
0.00000000099999999994 0.10118319036814196754 0.13528444881996923299 0.00000000099999999994 0.00000000099999999994 0.00000000099999999994 0.00000000099999999994 0.76353235481188885814 0.00000000099999999994 
0.00000000099999999993 0.00000000099999999993 0.99999999200000000421 0.00000000099999999993 0.00000000099999999993 0.00000000099999999993 0.00000000099999999993 0.00000000099999999993 0.00000000099999999993 
0.00000000099999999996 0.18469753830219060031 0.15320780158613789279 0.00000000099999999996 0.00000000099999999996 0.00000000099999999996 0.00000000099999999996 0.66209465411167145454 0.00000000099999999996 
0.00000000099999999994 0.16498136049742287423 0.18356374611598005875 0.00000000099999999994 0.00000000099999999994 0.00000000099999999994 0.00000000099999999994 0.65145488738659695915 0.00000000099999999994 
0.00000000099999999989 0.00000000099999999989 0.99999999200000000421 0.00000000099999999989 0.00000000099999999989 0.00000000099999999989 0.00000000099999999989 0.00000000099999999989 0.00000000099999999989 
0.00000000099999999985 0.00000000099999999985 0.99999999200000000421 0.00000000099999999985 0.00000000099999999985 0.00000000099999999985 0.00000000099999999985 0.00000000099999999985 0.00000000099999999985 
0.00000000099999999995 0.16383090790119600455 0.17738151788919515051 0.00000000099999999995 0.00000000099999999995 0.00000000099999999995 0.00000000099999999995 0.65878756820960859830 0.00000000099999999995 
0.00000000099999999991 0.00000000099999999991 0.99999999200000000421 0.00000000099999999991 0.00000000099999999991 0.00000000099999999991 0.00000000099999999991 0.00000000099999999991 0.00000000099999999991 
0.00000000099999999992 0.00000000099999999992 0.99999999200000000421 0.00000000099999999992 0.00000000099999999992 0.00000000099999999992 0.00000000099999999992 0.00000000099999999992 0.00000000099999999992 
0.00000000099999999993 0.00000000099999999993 0.99999999200000011523 0.00000000099999999993 0.00000000099999999993 0.00000000099999999993 0.00000000099999999993 0.00000000099999999993 0.00000000099999999993 
0.00000000099999999991 0.00000000099999999991 0.99999999200000011523 0.00000000099999999991 0.00000000099999999991 0.00000000099999999991 0.00000000099999999991 0.00000000099999999991 0.00000000099999999991 
0.00000000099999999992 0.00000000099999999992 0.99999999200000011523 0.00000000099999999992 0.00000000099999999992 0.00000000099999999992 0.00000000099999999992 0.00000000099999999992 0.00000000099999999992 
0.00000000099999999996 0.00000000099999999996 0.99999999200000000421 0.00000000099999999996 0.00000000099999999996 0.00000000099999999996 0.00000000099999999996 0.00000000099999999996 0.00000000099999999996 
0.00000000099999999993 0.00000000099999999993 0.99999999200000000421 0.00000000099999999993 0.00000000099999999993 0.00000000099999999993 0.00000000099999999993 0.00000000099999999993 0.00000000099999999993 
0.03597242376357440152 0.09822153487804746730 0.12861518898609042294 0.00000084445711973802 0.00001379169886284232 0.00000000757496679318 0.00000330806586156926 0.73717289957547671442 0.00000000100000000000 
0.00000000099999999991 0.00000000099999999991 0.99999999200000011523 0.00000000099999999991 0.00000000099999999991 0.00000000099999999991 0.00000000099999999991 0.00000000099999999991 0.00000000099999999991 
0.00000000099999999991 0.00000000099999999991 0.99999999200000000421 0.00000000099999999991 0.00000000099999999991 0.00000000099999999991 0.00000000099999999991 0.00000000099999999991 0.00000000099999999991 
0.00000000099999999978 0.99999999200000022626 0.00000000099999999978 0.00000000099999999978 0.00000000099999999978 0.00000000099999999978 0.00000000099999999978 0.00000000099999999978 0.00000000099999999978 
0.00000000099999999986 0.99999976445301341776 0.00000000099999999986 0.00000000099999999986 0.00000000099999999986 0.00000000099999999986 0.00000000099999999986 0.00000022854698668436 0.00000000099999999986 
0.00000000099999999966 0.99999999200000011523 0.00000000099999999966 0.00000000099999999966 0.00000000099999999966 0.00000000099999999966 0.00000000099999999966 0.00000000099999999966 0.00000000099999999966 
0.00000000099999999987 0.70880653645041524769 0.00000000099999999987 0.00000000099999999987 0.00000000099999999987 0.00000000099999999987 0.00000000099999999987 0.29119345654958500580 0.00000000099999999987 
0.00000000099999999975 0.99999999200000011523 0.00000000099999999975 0.00000000099999999975 0.00000000099999999975 0.00000000099999999975 0.00000000099999999975 0.00000000099999999975 0.00000000099999999975 
0.00000000099999999977 0.99999999200000022626 0.00000000099999999977 0.00000000099999999977 0.00000000099999999977 0.00000000099999999977 0.00000000099999999977 0.00000000099999999977 0.00000000099999999977 
0.00000000099999999988 0.49861081045158922587 0.00000000099999999988 0.00000000099999999988 0.00000000099999999988 0.00000000099999999988 0.00000000099999999988 0.50138918254841058353 0.00000000099999999988 
0.00000000099999999967 0.99999999200000011523 0.00000000099999999967 0.00000000099999999967 0.00000000099999999967 0.00000000099999999967 0.00000000099999999967 0.00000000099999999967 0.00000000099999999967 
0.00000000099999999982 0.99999999200000022626 0.00000000099999999982 0.00000000099999999982 0.00000000099999999982 0.00000000099999999982 0.00000000099999999982 0.00000000099999999982 0.00000000099999999982 
0.00000000099999999970 0.99999999200000011523 0.00000000099999999970 0.00000000099999999970 0.00000000099999999970 0.00000000099999999970 0.00000000099999999970 0.00000000099999999970 0.00000000099999999970 
0.00000000099999999966 0.99999999200000011523 0.00000000099999999966 0.00000000099999999966 0.00000000099999999966 0.00000000099999999966 0.00000000099999999966 0.00000000099999999966 0.00000000099999999966 
0.00000000099999999969 0.99999999200000011523 0.00000000099999999969 0.00000000099999999969 0.00000000099999999969 0.00000000099999999969 0.00000000099999999969 0.00000000099999999969 0.00000000099999999969 
0.00000000099999999974 0.99999999200000022626 0.00000000099999999974 0.00000000099999999974 0.00000000099999999974 0.00000000099999999974 0.00000000099999999974 0.00000000099999999974 0.00000000099999999974 
0.00000000099999999959 0.99999999200000011523 0.00000000099999999959 0.00000000099999999959 0.00000000099999999959 0.00000000099999999959 0.00000000099999999959 0.00000000099999999959 0.00000000099999999959 
0.00000000099999999974 0.99999999200000011523 0.00000000099999999974 0.00000000099999999974 0.00000000099999999974 0.00000000099999999974 0.00000000099999999974 0.00000000099999999974 0.00000000099999999974 
0.00000000099999999979 0.99999999200000022626 0.00000000099999999979 0.00000000099999999979 0.00000000099999999979 0.00000000099999999979 0.00000000099999999979 0.00000000099999999979 0.00000000099999999979 
0.00000000099999999969 0.00000000099999999969 0.00000000099999999969 0.00000000099999999969 0.00000000099999999969 0.00000000099999999969 0.00000000099999999969 0.99999999200000000421 0.00000000099999999969 
0.00000000099999999962 0.00000000099999999962 0.00000000099999999962 0.00000000099999999962 0.00000000099999999962 0.00000000099999999962 0.00000000099999999962 0.99999999199999989319 0.00000000099999999962 
0.00000000099999999977 0.10731928689047610936 0.00000000099999999977 0.00000000099999999977 0.00000000099999999977 0.00000000099999999977 0.00000000099999999977 0.89268070610952388044 0.00000000099999999977 
0.00000000099999999980 0.23627464385399576940 0.00000000099999999980 0.00000000099999999980 0.00000000099999999980 0.00000000099999999980 0.00000000099999999980 0.76372534914600409550 0.00000000099999999980 
0.00000000099999999990 0.16715690127301047196 0.00000000099999999990 0.00000000099999999990 0.00000000099999999990 0.00000000099999999990 0.00000000099999999990 0.83284309172698933743 0.00000000099999999990 
0.00000000099999999982 0.15651921743432789524 0.00000000099999999982 0.00000000099999999982 0.00000000099999999982 0.00000000099999999982 0.00000000099999999982 0.84348077556567202517 0.00000000099999999982 
0.00000000099999999999 0.48633000594377601145 0.02173164062693882029 0.00000000099999999999 0.00000000099999999999 0.00000000099999999999 0.00000000099999999999 0.49193834742928516102 0.00000000099999999999 
0.03279980769918625083 0.37469406954830797307 0.00201262888833363997 0.00001645133017189134 0.00012920422630732694 0.00000000100000000000 0.00356609302914168320 0.58678174327855114889 0.00000000100000000000 
0.00724799935413015985 0.41458020103917331278 0.03038451651410455090 0.00008638461027524992 0.00994103727716861077 0.00000131571521617370 0.09000374904024180389 0.44775478663088491560 0.00000000981880503235 
0.00000000099999999992 0.36428838940206587083 0.00000000099999999992 0.00000000099999999992 0.00000000099999999992 0.00000000099999999992 0.00000000099999999992 0.63571160359793388306 0.00000000099999999992 
0.00000000099999999991 0.40539908719791917235 0.00000000099999999991 0.00000000099999999991 0.00000000099999999991 0.00000000099999999991 0.00000000099999999991 0.59460090580208069255 0.00000000099999999991 
0.00000000099999999994 0.41139508741167873929 0.00000000099999999994 0.00000000099999999994 0.00000000099999999994 0.00000000099999999994 0.00000000099999999994 0.58860490558832112562 0.00000000099999999994 
0.00000000099999999982 0.11904013900159964023 0.00000000099999999982 0.00000000099999999982 0.00000000099999999982 0.00000000099999999982 0.00000000099999999982 0.88095985399840037733 0.00000000099999999982 
0.00000000099999999982 0.18266873211967529778 0.00000000099999999982 0.00000000099999999982 0.00000000099999999982 0.00000000099999999982 0.00000000099999999982 0.81733126088032470591 0.00000000099999999982 
0.00000000099999999985 0.24456406324958288034 0.00000000099999999985 0.00000000099999999985 0.00000000099999999985 0.00000000099999999985 0.00000000099999999985 0.75543592975041717885 0.00000000099999999985 
0.00000000099999999977 0.09553471285098247279 0.00000000099999999977 0.00000000099999999977 0.00000000099999999977 0.00000000099999999977 0.00000000099999999977 0.90446528014901750314 0.00000000099999999977 
0.00000000099999999987 0.15627455163190412391 0.00000000099999999987 0.00000000099999999987 0.00000000099999999987 0.00000000099999999987 0.00000000099999999987 0.84372544136809579651 0.00000000099999999987 
0.00000000099999999980 0.00000042287791871573 0.00000000099999999980 0.00000000099999999980 0.00000000099999999980 0.00000000099999999980 0.00000000099999999980 0.99999957012208129381 0.00000000099999999980 
0.00000000099999999981 0.15047663818686773940 0.00000000099999999981 0.00000000099999999981 0.00000000099999999981 0.00000000099999999981 0.00000000099999999981 0.84952335481313223653 0.00000000099999999981 
0.00000000099999999979 0.09155493933520005012 0.00000000099999999979 0.00000000099999999979 0.00000000099999999979 0.00000000099999999979 0.00000000099999999979 0.90844505366479988417 0.00000000099999999979 
0.00000000099999999984 0.14790859077473700323 0.00000000099999999984 0.00000000099999999984 0.00000000099999999984 0.00000000099999999984 0.00000000099999999984 0.85209140222526291719 0.00000000099999999984 
0.00000000099999999981 0.16467888705765656998 0.00000000099999999981 0.00000000099999999981 0.00000000099999999981 0.00000000099999999981 0.00000000099999999981 0.83532110594234332268 0.00000000099999999981 
0.00000000099999999983 0.13322986344022225147 0.00000000099999999983 0.00000000099999999983 0.00000000099999999983 0.00000000099999999983 0.00000000099999999983 0.86677012955977761344 0.00000000099999999983 
0.00000000099999999989 0.13489254375135009689 0.00000000099999999989 0.00000000099999999989 0.00000000099999999989 0.00000000099999999989 0.00000000099999999989 0.86510744924864990679 0.00000000099999999989 
0.00000000099999999987 0.13948688349439994361 0.00000000099999999987 0.00000000099999999987 0.00000000099999999987 0.00000000099999999987 0.00000000099999999987 0.86051310950559989355 0.00000000099999999987 
0.00000000099999999988 0.12274199923879515473 0.00000000099999999988 0.00000000099999999988 0.00000000099999999988 0.00000000099999999988 0.00000000099999999988 0.87725799376120472406 0.00000000099999999988 
0.00000000099999999987 0.12985118432172337855 0.00000000099999999987 0.00000000099999999987 0.00000000099999999987 0.00000000099999999987 0.00000000099999999987 0.87014880867827648636 0.00000000099999999987 
0.00000000099999999994 0.12940739063132103426 0.00000000099999999994 0.00000000099999999994 0.00000000099999999994 0.00000000099999999994 0.00000000099999999994 0.87059260236867896943 0.00000000099999999994 
0.00000000099999999988 0.12371177931011871631 0.00000000099999999988 0.00000000099999999988 0.00000000099999999988 0.00000000099999999988 0.00000000099999999988 0.87628821368988119023 0.00000000099999999988 
0.00000000099999999982 0.15867134346748398843 0.00000000099999999982 0.00000000099999999982 0.00000000099999999982 0.00000000099999999982 0.00000000099999999982 0.84132864953251595974 0.00000000099999999982 
0.00000000099999999981 0.00000022085027487734 0.00000000099999999981 0.00000000099999999981 0.00000000099999999981 0.00000000099999999981 0.00000000099999999981 0.99999977214972501915 0.00000000099999999981 
0.00000000099999999982 0.17508929933399974832 0.00000000099999999982 0.00000000099999999982 0.00000000099999999982 0.00000000099999999982 0.00000000099999999982 0.82491069366600011659 0.00000000099999999982 
0.00000000099999999978 0.12930350457368552930 0.00000000099999999978 0.00000000099999999978 0.00000000099999999978 0.00000000099999999978 0.00000000099999999978 0.87069648842631441887 0.00000000099999999978 
0.00000000099999999977 0.11082781796674277819 0.00000000099999999977 0.00000000099999999977 0.00000000099999999977 0.00000000099999999977 0.00000000099999999977 0.88917217503325718386 0.00000000099999999977 
0.00000000099999999983 0.17569400930964329532 0.00000000099999999983 0.00000000099999999983 0.00000000099999999983 0.00000000099999999983 0.00000000099999999983 0.82430598369035679163 0.00000000099999999983 
0.00000000099999999980 0.16854777631546269401 0.00000000099999999980 0.00000000099999999980 0.00000000099999999980 0.00000000099999999980 0.00000000099999999980 0.83145221668453717090 0.00000000099999999980 
0.00000000099999999983 0.15178374752433623773 0.00000000099999999983 0.00000000099999999983 0.00000000099999999983 0.00000000099999999983 0.00000000099999999983 0.84821624547566365493 0.00000000099999999983 
0.00000000099999999987 0.14096506284322510294 0.00000000099999999987 0.00000000099999999987 0.00000000099999999987 0.00000000099999999987 0.00000000099999999987 0.85903493015677490074 0.00000000099999999987 
0.00000000099999999986 0.19504863877912617665 0.00000000099999999986 0.00000000099999999986 0.00000000099999999986 0.00000000099999999986 0.00000000099999999986 0.80495135422087371602 0.00000000099999999986 
0.00000000099999999988 0.10297896401233755381 0.00000000099999999988 0.00000000099999999988 0.00000000099999999988 0.00000000099999999988 0.00000000099999999988 0.89702102898766244987 0.00000000099999999988 
0.00000000099999999978 0.12673980100970461127 0.00000000099999999978 0.00000000099999999978 0.00000000099999999978 0.00000000099999999978 0.00000000099999999978 0.87326019199029536466 0.00000000099999999978 
0.00000000099999999995 0.17482909736662693989 0.00000000099999999995 0.00000000099999999995 0.00000000099999999995 0.00000000099999999995 0.00000000099999999995 0.82517089563337298053 0.00000000099999999995 
0.00000000099999999982 0.12654822588074318701 0.00000000099999999982 0.00000000099999999982 0.00000000099999999982 0.00000000099999999982 0.00000000099999999982 0.87345176711925687218 0.00000000099999999982 
0.00000000099999999984 0.12178234357888283179 0.02208284695042491211 0.00000000099999999984 0.00000000099999999984 0.00000000099999999984 0.00000000099999999984 0.85613480347069226273 0.00000000099999999984 
0.00000000099999999978 0.12088819660100026676 0.00000000099999999978 0.00000000099999999978 0.00000000099999999978 0.00000000099999999978 0.00000000099999999978 0.87911179639899961202 0.00000000099999999978 
0.00000000099999999984 0.17012082636446126949 0.00000000099999999984 0.00000000099999999984 0.00000000099999999984 0.00000000099999999984 0.00000000099999999984 0.82987916663553862318 0.00000000099999999984 
0.00000000099999999986 0.16746447986021814613 0.00000000099999999986 0.00000000099999999986 0.00000000099999999986 0.00000000099999999986 0.00000000099999999986 0.83253551313978191306 0.00000000099999999986 
0.00000000099999999983 0.15927328931706710713 0.00000000099999999983 0.00000000099999999983 0.00000000099999999983 0.00000000099999999983 0.00000000099999999983 0.84072670368293289656 0.00000000099999999983 
0.00000000099999999984 0.12617898216233122688 0.00000000099999999984 0.00000000099999999984 0.00000000099999999984 0.00000000099999999984 0.00000000099999999984 0.87382101083766883232 0.00000000099999999984 
0.00000000099999999986 0.12278382959708827871 0.00000000099999999986 0.00000000099999999986 0.00000000099999999986 0.00000000099999999986 0.00000000099999999986 0.87721616340291164171 0.00000000099999999986 
0.00000000099999999979 0.17077556873520019498 0.00000000099999999979 0.00000000099999999979 0.00000000099999999979 0.00000000099999999979 0.00000000099999999979 0.82922442426479980870 0.00000000099999999979 
0.00000000099999999992 0.14049261223233355800 0.00000000099999999992 0.00000000099999999992 0.00000000099999999992 0.00000000099999999992 0.00000000099999999992 0.85950738076766641793 0.00000000099999999992 
0.00000000099999999979 0.14476963440481852019 0.00000000099999999979 0.00000000099999999979 0.00000000099999999979 0.00000000099999999979 0.00000000099999999979 0.85523035859518159452 0.00000000099999999979 
0.00000000099999999981 0.20494331256760600635 0.00000000099999999981 0.00000000099999999981 0.00000000099999999981 0.00000000099999999981 0.00000000099999999981 0.79505668043239396958 0.00000000099999999981 
0.00000000099999999997 0.07584578987277849904 0.00000000099999999997 0.00000000099999999997 0.00000000099999999997 0.00000000099999999997 0.00000000099999999997 0.92415420312722151852 0.00000000099999999997 
0.00000000099999999992 0.12737419655302376076 0.00000000099999999992 0.00000000099999999992 0.00000000099999999992 0.00000000099999999992 0.00000000099999999992 0.87262579644697624293 0.00000000099999999992 
0.00000000099999999955 0.00000000099999999955 0.00000000099999999955 0.00000000099999999955 0.00000000099999999955 0.99999999200000011523 0.00000000099999999955 0.00000000099999999955 0.00000000099999999955 
0.00000000099999999957 0.00000000099999999957 0.00000000099999999957 0.00000000099999999957 0.00000000099999999957 0.99999999200000000421 0.00000000099999999957 0.00000000099999999957 0.00000000099999999957 
0.00000000099999999967 0.00000000099999999967 0.00000000099999999967 0.00000000099999999967 0.00000000099999999967 0.99999999200000011523 0.00000000099999999967 0.00000000099999999967 0.00000000099999999967 
0.00000000099999999962 0.00000000099999999962 0.00000000099999999962 0.00000000099999999962 0.00000000099999999962 0.99999999200000000421 0.00000000099999999962 0.00000000099999999962 0.00000000099999999962 
0.00000000099999999955 0.00000000099999999955 0.00000000099999999955 0.00000000099999999955 0.00000000099999999955 0.99999999200000000421 0.00000000099999999955 0.00000000099999999955 0.00000000099999999955 
0.00000000099999999961 0.00000000099999999961 0.00000000099999999961 0.00000000099999999961 0.00000000099999999961 0.99999999200000011523 0.00000000099999999961 0.00000000099999999961 0.00000000099999999961 
0.00000000099999999963 0.00000000099999999963 0.00000000099999999963 0.00000000099999999963 0.00000000099999999963 0.99999999200000011523 0.00000000099999999963 0.00000000099999999963 0.00000000099999999963 
0.00000000099999999971 0.00000000099999999971 0.00000000099999999971 0.00000000099999999971 0.00000000099999999971 0.99999999200000011523 0.00000000099999999971 0.00000000099999999971 0.00000000099999999971 
0.00000000099999999965 0.00000000099999999965 0.00000000099999999965 0.00000000099999999965 0.00000000099999999965 0.99999999200000011523 0.00000000099999999965 0.00000000099999999965 0.00000000099999999965 
