0.00000000099999999969 0.00000000099999999969 0.00000000099999999969 0.00000000099999999969 0.00000000099999999969 0.00000000099999999969 0.00000000099999999969 0.99999999100000003249 0.00000000099999999969 0.00000000099999999969 
0.00000000099999999986 0.99999999100000014352 0.00000000099999999986 0.00000000099999999986 0.00000000099999999986 0.00000000099999999986 0.00000000099999999986 0.00000000099999999986 0.00000000099999999986 0.00000000099999999986 
0.00000000099999999990 0.58075607756340519305 0.00000000099999999990 0.00000000099999999990 0.00000000099999999990 0.41924391443659492218 0.00000000099999999990 0.00000000099999999990 0.00000000099999999990 0.00000000099999999990 
0.00000000099999999990 0.36874009512213545836 0.00000000099999999990 0.00000000099999999990 0.00000000099999999990 0.46028656458215189140 0.00000000099999999990 0.17097333329571265392 0.00000000099999999990 0.00000000099999999990 
0.00000000099999999989 0.76354545757131686567 0.00000000099999999989 0.00000000099999999989 0.00000000099999999989 0.00000000099999999989 0.00000000099999999989 0.23645453442868333283 0.00000000099999999989 0.00000000099999999989 
0.00000000099999999992 0.37856187872131458194 0.00000000099999999992 0.00000000099999999992 0.00000000099999999992 0.29692039422376786950 0.00000000099999999992 0.32451772005491741346 0.00000000099999999992 0.00000000099999999992 
0.00000000099999999991 0.40343649037212209185 0.00000000099999999991 0.00000000099999999991 0.00000000099999999991 0.39129265402555946096 0.00000000099999999991 0.20527084860231833985 0.00000000099999999991 0.00000000099999999991 
0.00000000099999999990 0.55485583759377310464 0.00000000099999999990 0.00000000099999999990 0.00000000099999999990 0.44514415440622717712 0.00000000099999999990 0.00000000099999999990 0.00000000099999999990 0.00000000099999999990 
0.00000000099999999986 0.00020811071299956416 0.00000000099999999986 0.00000000099999999986 0.00000000099999999986 0.68522170801868376167 0.00000000099999999986 0.31457017426831673790 0.00000000099999999986 0.00000000099999999986 
0.00000000099999999993 0.46152967304035436014 0.00000000099999999993 0.00000000099999999993 0.00000000099999999993 0.41073008136989835881 0.00000000099999999993 0.12774023858974717371 0.00000000099999999993 0.00000000099999999993 
0.00000000099999999988 0.63939868974914826349 0.00000000099999999988 0.00000000099999999988 0.00000000099999999988 0.00000000099999999988 0.00000000099999999988 0.36060130225085201827 0.00000000099999999988 0.00000000099999999988 
0.00000000099999999987 0.65828602726415985646 0.00000000099999999987 0.00000000099999999987 0.00000000099999999987 0.00000000099999999987 0.00000000099999999987 0.34171396473584042530 0.00000000099999999987 0.00000000099999999987 
0.00000000099999999992 0.58638010678436169876 0.00000000099999999992 0.00000000099999999992 0.00000000099999999992 0.41361988521563847199 0.00000000099999999992 0.00000000099999999992 0.00000000099999999992 0.00000000099999999992 
0.00000000099999999975 0.00000000099999999975 0.00000000099999999975 0.00000000099999999975 0.00000000099999999975 0.99999999100000014352 0.00000000099999999975 0.00000000099999999975 0.00000000099999999975 0.00000000099999999975 
0.00000000099999999988 0.55190894381007626901 0.00000000099999999988 0.00000000099999999988 0.00000000099999999988 0.44809104818992384622 0.00000000099999999988 0.00000000099999999988 0.00000000099999999988 0.00000000099999999988 
0.00000000099999999985 0.99999999100000014352 0.00000000099999999985 0.00000000099999999985 0.00000000099999999985 0.00000000099999999985 0.00000000099999999985 0.00000000099999999985 0.00000000099999999985 0.00000000099999999985 
0.00000000099999999987 0.99999999100000025454 0.00000000099999999987 0.00000000099999999987 0.00000000099999999987 0.00000000099999999987 0.00000000099999999987 0.00000000099999999987 0.00000000099999999987 0.00000000099999999987 
0.00000000099999999989 0.57328250026786298221 0.00000000099999999989 0.00000000099999999989 0.00000000099999999989 0.00000000099999999989 0.00000000099999999989 0.42671749173213735506 0.00000000099999999989 0.00000000099999999989 
0.00000000099999999975 0.00000000099999999975 0.00000000099999999975 0.00000000099999999975 0.00000000099999999975 0.99999999100000003249 0.00000000099999999975 0.00000000099999999975 0.00000000099999999975 0.00000000099999999975 
0.00000000099999999993 0.58721078802847359590 0.00000000099999999993 0.00000000099999999993 0.00000000099999999993 0.23104092302913969981 0.00000000099999999993 0.18174828194238695778 0.00000000099999999993 0.00000000099999999993 
0.00000000099999999997 0.41665329345437357444 0.00000000099999999997 0.00000000099999999997 0.00000000099999999997 0.30440314310018368182 0.00000000099999999997 0.27894355644544277517 0.00000000099999999997 0.00000000099999999997 
0.00000000099999999984 0.99999999100000014352 0.00000000099999999984 0.00000000099999999984 0.00000000099999999984 0.00000000099999999984 0.00000000099999999984 0.00000000099999999984 0.00000000099999999984 0.00000000099999999984 
0.00000000099999999995 0.99996167151602044498 0.00000000099999999995 0.00000000099999999995 0.00000000099999999995 0.00000000099999999995 0.00000000099999999995 0.00003832048397965694 0.00000000099999999995 0.00000000099999999995 
0.00000000099999999992 0.50211154343461461558 0.00000000099999999992 0.00000000099999999992 0.00000000099999999992 0.30968930576617270667 0.00000000099999999992 0.18819914379921290348 0.00000000099999999992 0.00000000099999999992 
0.00000000099999999992 0.63722078525317704667 0.00000000099999999992 0.00000000099999999992 0.00000000099999999992 0.27710585547655336436 0.00000000099999999992 0.08567335227026975919 0.00000000099999999992 0.00000000099999999992 
0.00000000099999999996 0.63219462495748812714 0.00000000099999999996 0.00000000099999999996 0.00000000099999999996 0.20792057113760459286 0.00000000099999999996 0.15988479690490725593 0.00000000099999999996 0.00000000099999999996 
0.00000000099999999976 0.00000000099999999976 0.00000000099999999976 0.00000000099999999976 0.00000000099999999976 0.99999999100000003249 0.00000000099999999976 0.00000000099999999976 0.00000000099999999976 0.00000000099999999976 
0.00000000099999999990 0.55972163267865326919 0.00000000099999999990 0.00000000099999999990 0.00000000099999999990 0.44027825885246552051 0.00000000099999999990 0.00000010146888132342 0.00000000099999999990 0.00000000099999999990 
0.00000000099999999996 0.85058873195978934589 0.00000000099999999996 0.00000000099999999996 0.00000000099999999996 0.00016778126286608086 0.00000000099999999996 0.14924347977734472859 0.00000000099999999996 0.00000000099999999996 
0.00000000099999999980 0.00000000099999999980 0.00000000099999999980 0.00000000099999999980 0.00000000099999999980 0.99999999100000014352 0.00000000099999999980 0.00000000099999999980 0.00000000099999999980 0.00000000099999999980 
0.00000000099999999977 0.00000000099999999977 0.00000000099999999977 0.00000000099999999977 0.00000000099999999977 0.99999999100000014352 0.00000000099999999977 0.00000000099999999977 0.00000000099999999977 0.00000000099999999977 
0.00000000099999999977 0.00000000099999999977 0.00000000099999999977 0.00000000099999999977 0.00000000099999999977 0.99999999100000014352 0.00000000099999999977 0.00000000099999999977 0.00000000099999999977 0.00000000099999999977 
0.00000000099999999991 0.50275270670169591725 0.00000000099999999991 0.00000000099999999991 0.00000000099999999991 0.20182680189473958809 0.00000000099999999991 0.29542048440356466488 0.00000000099999999991 0.00000000099999999991 
0.00000000099999999998 0.48712392477900134935 0.00000000099999999998 0.00000000099999999998 0.00000000099999999998 0.19277487656244018943 0.00000000099999999998 0.32010119165855854817 0.00000000099999999998 0.00000000099999999998 
0.00000000099999999970 0.00000000099999999970 0.00000000099999999970 0.00000000099999999970 0.00000000099999999970 0.00000000099999999970 0.00000000099999999970 0.99999999100000003249 0.00000000099999999970 0.00000000099999999970 
0.00000000099999999985 0.99999999100000014352 0.00000000099999999985 0.00000000099999999985 0.00000000099999999985 0.00000000099999999985 0.00000000099999999985 0.00000000099999999985 0.00000000099999999985 0.00000000099999999985 
0.00000000099999999990 0.49683698784007257476 0.00000000099999999990 0.00000000099999999990 0.00000000099999999990 0.30775261219340399599 0.00000000099999999990 0.19541039296652323864 0.00000000099999999990 0.00000000099999999990 
0.00000000099999999989 0.60118109173843470305 0.00000000099999999989 0.00000000099999999989 0.00000000099999999989 0.39881890026156552320 0.00000000099999999989 0.00000000099999999989 0.00000000099999999989 0.00000000099999999989 
0.00000000099999999991 0.45914797325819806106 0.00000000099999999991 0.00000000099999999991 0.00000000099999999991 0.20956776029913440351 0.00000000099999999991 0.33128425944266742809 0.00000000099999999991 0.00000000099999999991 
0.00000000099999999977 0.00000000099999999977 0.00000000099999999977 0.00000000099999999977 0.00000000099999999977 0.99999999100000014352 0.00000000099999999977 0.00000000099999999977 0.00000000099999999977 0.00000000099999999977 
0.00000000099999999987 0.99999999100000014352 0.00000000099999999987 0.00000000099999999987 0.00000000099999999987 0.00000000099999999987 0.00000000099999999987 0.00000000099999999987 0.00000000099999999987 0.00000000099999999987 
0.02370385270433834901 0.45006543946443072768 0.00000000100000000000 0.00002437166104405900 0.00000000100000000000 0.26816045617354128394 0.00000000100000000000 0.25019945392841236309 0.00784638186173333349 0.00000004120649974937 
0.00000000099999999995 0.49784217316906642647 0.00000000099999999995 0.00000000099999999995 0.00000000099999999995 0.32987915515396443178 0.00000000099999999995 0.17227866467696906216 0.00000000099999999995 0.00000000099999999995 
0.00000000099999999988 0.99999999100000025454 0.00000000099999999988 0.00000000099999999988 0.00000000099999999988 0.00000000099999999988 0.00000000099999999988 0.00000000099999999988 0.00000000099999999988 0.00000000099999999988 
0.00000000099999999982 0.99999999100000025454 0.00000000099999999982 0.00000000099999999982 0.00000000099999999982 0.00000000099999999982 0.00000000099999999982 0.00000000099999999982 0.00000000099999999982 0.00000000099999999982 
0.00000000099999999984 0.00000000099999999984 0.00000000099999999984 0.00000000099999999984 0.00000000099999999984 0.70208611569986023593 0.00000000099999999984 0.29791387630013982379 0.00000000099999999984 0.00000000099999999984 
0.00000000099999999986 0.99999999100000025454 0.00000000099999999986 0.00000000099999999986 0.00000000099999999986 0.00000000099999999986 0.00000000099999999986 0.00000000099999999986 0.00000000099999999986 0.00000000099999999986 
0.00000000099999999974 0.00000000099999999974 0.00000000099999999974 0.00000000099999999974 0.00000000099999999974 0.00000000099999999974 0.00000000099999999974 0.99999999100000003249 0.00000000099999999974 0.00000000099999999974 
0.00000000099999999991 0.34227169679632285515 0.00000000099999999991 0.00000000099999999991 0.00000000099999999991 0.28123416225393349510 0.00000000099999999991 0.37649413394974368119 0.00000000099999999991 0.00000000099999999991 
0.00000000099999999974 0.00000000099999999974 0.00000000099999999974 0.00000000099999999974 0.00000000099999999974 0.00000000099999999974 0.00000000099999999974 0.99999999100000003249 0.00000000099999999974 0.00000000099999999974 
0.01072902842710508897 0.98020499179085918140 0.00906481600212974241 0.00000000099999999999 0.00000000099999999999 0.00000012174173354777 0.00000000099999999999 0.00000093169041409667 0.00000000099999999999 0.00000010634775847361 
0.05447878978691063356 0.00000000099999999985 0.00000000099999999985 0.00000000099999999985 0.00000000099999999985 0.00000000099999999985 0.00000000099999999985 0.00000000099999999985 0.67778558041706860049 0.26773562279602081126 
0.06666242579371714494 0.00000000099999999987 0.00000000099999999987 0.00000000099999999987 0.00000000099999999987 0.00000000099999999987 0.00000000099999999987 0.00000000099999999987 0.65340988030028046563 0.27992768690600244863 
0.07200488171957181160 0.00000000099999999987 0.00000000099999999987 0.00000000099999999987 0.00000000099999999987 0.00000000099999999987 0.00000000099999999987 0.00000000099999999987 0.62915799250847781465 0.29883711877195040518 
0.09704334633502154084 0.00000000099999999988 0.00000000099999999988 0.00000000099999999988 0.00000000099999999988 0.00000000099999999988 0.00000000099999999988 0.00000000099999999988 0.63504827070397718014 0.26790837596100131046 
0.05527691784270023084 0.00000000099999999987 0.00000000099999999987 0.00000000099999999987 0.00000000099999999987 0.00000000099999999987 0.00000000099999999987 0.00000000099999999987 0.66494009799606590416 0.27978297716123384786 
0.00000000099999999947 0.00000000099999999947 0.00000000099999999947 0.00000000099999999947 0.99999999100000003249 0.00000000099999999947 0.00000000099999999947 0.00000000099999999947 0.00000000099999999947 0.00000000099999999947 
0.00000000099999999947 0.00000000099999999947 0.00000000099999999947 0.00000000099999999947 0.99999999100000014352 0.00000000099999999947 0.00000000099999999947 0.00000000099999999947 0.00000000099999999947 0.00000000099999999947 
0.00000000099999999944 0.00000000099999999944 0.00000000099999999944 0.00000000099999999944 0.99999999100000014352 0.00000000099999999944 0.00000000099999999944 0.00000000099999999944 0.00000000099999999944 0.00000000099999999944 
0.00000000099999999942 0.00000000099999999942 0.00000000099999999942 0.00000000099999999942 0.99999999100000003249 0.00000000099999999942 0.00000000099999999942 0.00000000099999999942 0.00000000099999999942 0.00000000099999999942 
0.00000000099999999938 0.00000000099999999938 0.00000000099999999938 0.00000000099999999938 0.99999999100000003249 0.00000000099999999938 0.00000000099999999938 0.00000000099999999938 0.00000000099999999938 0.00000000099999999938 
0.00000000099999999950 0.00000000099999999950 0.00000000099999999950 0.00000000099999999950 0.99999999100000014352 0.00000000099999999950 0.00000000099999999950 0.00000000099999999950 0.00000000099999999950 0.00000000099999999950 
0.00000000099999999927 0.00000000099999999927 0.00000000099999999927 0.00000000099999999927 0.99999999100000014352 0.00000000099999999927 0.00000000099999999927 0.00000000099999999927 0.00000000099999999927 0.00000000099999999927 
0.00000000099999999945 0.00000000099999999945 0.00000000099999999945 0.00000000099999999945 0.99999999100000003249 0.00000000099999999945 0.00000000099999999945 0.00000000099999999945 0.00000000099999999945 0.00000000099999999945 
0.00000000099999999937 0.00000000099999999937 0.00000000099999999937 0.00000000099999999937 0.99999999100000014352 0.00000000099999999937 0.00000000099999999937 0.00000000099999999937 0.00000000099999999937 0.00000000099999999937 
0.00000000099999999948 0.00000000099999999948 0.00000000099999999948 0.00000000099999999948 0.99999999100000003249 0.00000000099999999948 0.00000000099999999948 0.00000000099999999948 0.00000000099999999948 0.00000000099999999948 
0.00000000099999999952 0.00000000099999999952 0.00000000099999999952 0.00000000099999999952 0.99999999100000014352 0.00000000099999999952 0.00000000099999999952 0.00000000099999999952 0.00000000099999999952 0.00000000099999999952 
0.00000000099999999945 0.00000000099999999945 0.00000000099999999945 0.00000000099999999945 0.99999999100000014352 0.00000000099999999945 0.00000000099999999945 0.00000000099999999945 0.00000000099999999945 0.00000000099999999945 
0.00000000099999999943 0.00000000099999999943 0.00000000099999999943 0.00000000099999999943 0.99999999100000003249 0.00000000099999999943 0.00000000099999999943 0.00000000099999999943 0.00000000099999999943 0.00000000099999999943 
0.00000000099999999942 0.00000000099999999942 0.00000000099999999942 0.00000000099999999942 0.99999999100000003249 0.00000000099999999942 0.00000000099999999942 0.00000000099999999942 0.00000000099999999942 0.00000000099999999942 
0.00000000099999999944 0.00000000099999999944 0.00000000099999999944 0.00000000099999999944 0.99999999100000003249 0.00000000099999999944 0.00000000099999999944 0.00000000099999999944 0.00000000099999999944 0.00000000099999999944 
0.00000000099999999950 0.00000000099999999950 0.00000000099999999950 0.00000000099999999950 0.99999999100000014352 0.00000000099999999950 0.00000000099999999950 0.00000000099999999950 0.00000000099999999950 0.00000000099999999950 
0.00000000099999999951 0.00000000099999999951 0.00000000099999999951 0.00000000099999999951 0.99999999100000003249 0.00000000099999999951 0.00000000099999999951 0.00000000099999999951 0.00000000099999999951 0.00000000099999999951 
0.00000000099999999957 0.00000000099999999957 0.00000000099999999957 0.00000000099999999957 0.99999999100000014352 0.00000000099999999957 0.00000000099999999957 0.00000000099999999957 0.00000000099999999957 0.00000000099999999957 
0.00000000099999999947 0.00000000099999999947 0.00000000099999999947 0.00000000099999999947 0.99999999100000003249 0.00000000099999999947 0.00000000099999999947 0.00000000099999999947 0.00000000099999999947 0.00000000099999999947 
0.00000000099999999944 0.00000000099999999944 0.00000000099999999944 0.00000000099999999944 0.99999999100000014352 0.00000000099999999944 0.00000000099999999944 0.00000000099999999944 0.00000000099999999944 0.00000000099999999944 
0.00000000099999999947 0.00000000099999999947 0.00000000099999999947 0.00000000099999999947 0.99999999100000014352 0.00000000099999999947 0.00000000099999999947 0.00000000099999999947 0.00000000099999999947 0.00000000099999999947 
0.00000000099999999936 0.00000000099999999936 0.00000000099999999936 0.00000000099999999936 0.99999999100000003249 0.00000000099999999936 0.00000000099999999936 0.00000000099999999936 0.00000000099999999936 0.00000000099999999936 
0.00000000099999999951 0.00000000099999999951 0.00000000099999999951 0.00000000099999999951 0.99999999100000003249 0.00000000099999999951 0.00000000099999999951 0.00000000099999999951 0.00000000099999999951 0.00000000099999999951 
0.00000000099999999947 0.00000000099999999947 0.00000000099999999947 0.00000000099999999947 0.99999999100000014352 0.00000000099999999947 0.00000000099999999947 0.00000000099999999947 0.00000000099999999947 0.00000000099999999947 
0.00000000099999999986 0.00000000099999999986 0.00000000099999999986 0.99999999100000003249 0.00000000099999999986 0.00000000099999999986 0.00000000099999999986 0.00000000099999999986 0.00000000099999999986 0.00000000099999999986 
0.00000000099999999980 0.00000000099999999980 0.00000000099999999980 0.99999999100000003249 0.00000000099999999980 0.00000000099999999980 0.00000000099999999980 0.00000000099999999980 0.00000000099999999980 0.00000000099999999980 
0.00000000099999999982 0.00000000099999999982 0.00000000099999999982 0.99999999100000014352 0.00000000099999999982 0.00000000099999999982 0.00000000099999999982 0.00000000099999999982 0.00000000099999999982 0.00000000099999999982 
0.00000000099999999991 0.00000000099999999991 0.00000000099999999991 0.99999999100000003249 0.00000000099999999991 0.00000000099999999991 0.00000000099999999991 0.00000000099999999991 0.00000000099999999991 0.00000000099999999991 
0.00000000099999999961 0.00000000099999999961 0.00000000099999999961 0.99999999100000014352 0.00000000099999999961 0.00000000099999999961 0.00000000099999999961 0.00000000099999999961 0.00000000099999999961 0.00000000099999999961 
0.00000000099999999993 0.00000000099999999993 0.00000000099999999993 0.96008502157519148845 0.00000000099999999993 0.00000000099999999993 0.03991497042480850188 0.00000000099999999993 0.00000000099999999993 0.00000000099999999993 
0.00000000099999999990 0.00000000099999999990 0.00000000099999999990 0.99999999100000003249 0.00000000099999999990 0.00000000099999999990 0.00000000099999999990 0.00000000099999999990 0.00000000099999999990 0.00000000099999999990 
0.00000000099999999989 0.00000000099999999989 0.00000000099999999989 0.99999999100000003249 0.00000000099999999989 0.00000000099999999989 0.00000000099999999989 0.00000000099999999989 0.00000000099999999989 0.00000000099999999989 
0.00000000099999999992 0.00000000099999999992 0.00000000099999999992 0.99999999100000003249 0.00000000099999999992 0.00000000099999999992 0.00000000099999999992 0.00000000099999999992 0.00000000099999999992 0.00000000099999999992 
0.00000000099999999990 0.00000000099999999990 0.00000000099999999990 0.99999999100000014352 0.00000000099999999990 0.00000000099999999990 0.00000000099999999990 0.00000000099999999990 0.00000000099999999990 0.00000000099999999990 
0.00000000099999999965 0.00000000099999999965 0.00000000099999999965 0.99999999100000014352 0.00000000099999999965 0.00000000099999999965 0.00000000099999999965 0.00000000099999999965 0.00000000099999999965 0.00000000099999999965 
0.00000000099999999996 0.00000000099999999996 0.00000000099999999996 0.99164708371308141199 0.00000000099999999996 0.00000000099999999996 0.00835290828691854711 0.00000000099999999996 0.00000000099999999996 0.00000000099999999996 
0.00000000099999999987 0.00000000099999999987 0.00000000099999999987 0.99999999100000014352 0.00000000099999999987 0.00000000099999999987 0.00000000099999999987 0.00000000099999999987 0.00000000099999999987 0.00000000099999999987 
0.00000000099999999985 0.00000000099999999985 0.00000000099999999985 0.00000000099999999985 0.00000000099999999985 0.00000000099999999985 0.00000000099999999985 0.00000000099999999985 0.99999999100000003249 0.00000000099999999985 
0.09988707089567161468 0.00000000099999999994 0.00000000099999999994 0.00000000099999999994 0.00000000099999999994 0.00000000099999999994 0.00000000099999999994 0.00000000099999999994 0.13533333703164512896 0.76477958507268339883 
0.00000000099999999992 0.00000000099999999992 0.00000000099999999992 0.00000000099999999992 0.00000000099999999992 0.00000000099999999992 0.00000000099999999992 0.00000000099999999992 0.99999999099999992147 0.00000000099999999992 
0.18136254817491131996 0.00000000099999999996 0.00000000099999999996 0.00000000099999999996 0.00000000099999999996 0.00000000099999999996 0.00000000099999999996 0.00000000099999999996 0.15316804292485944328 0.66546940190022929595 
0.16205938367510797082 0.00000000099999999994 0.00000000099999999994 0.00000000099999999994 0.00000000099999999994 0.00000000099999999994 0.00000000099999999994 0.00000000099999999994 0.18357777482084924880 0.65436283450404286732 
0.00000000099999999988 0.00000000099999999988 0.00000000099999999988 0.00000000099999999988 0.00000000099999999988 0.00000000099999999988 0.00000000099999999988 0.00000000099999999988 0.99999999099999992147 0.00000000099999999988 
0.00000000099999999983 0.00000000099999999983 0.00000000099999999983 0.00000000099999999983 0.00000000099999999983 0.00000000099999999983 0.00000000099999999983 0.00000000099999999983 0.99999999099999992147 0.00000000099999999983 
0.16231143794813865378 0.00000000099999999994 0.00000000099999999994 0.00000000099999999994 0.00000000099999999994 0.00000000099999999994 0.00000000099999999994 0.00000000099999999994 0.17734869885588128158 0.66033985619598001282 
0.00000000099999999990 0.00000000099999999990 0.00000000099999999990 0.00000000099999999990 0.00000000099999999990 0.00000000099999999990 0.00000000099999999990 0.00000000099999999990 0.99999999100000003249 0.00000000099999999990 
0.00000000099999999991 0.00000000099999999991 0.00000000099999999991 0.00000000099999999991 0.00000000099999999991 0.00000000099999999991 0.00000000099999999991 0.00000000099999999991 0.99999999099999992147 0.00000000099999999991 
0.00000000099999999992 0.00000000099999999992 0.00000000099999999992 0.00000000099999999992 0.00000000099999999992 0.00000000099999999992 0.00000000099999999992 0.00000000099999999992 0.99999999100000003249 0.00000000099999999992 
0.00000000099999999990 0.00000000099999999990 0.00000000099999999990 0.00000000099999999990 0.00000000099999999990 0.00000000099999999990 0.00000000099999999990 0.00000000099999999990 0.99999999100000003249 0.00000000099999999990 
0.00000000099999999991 0.00000000099999999991 0.00000000099999999991 0.00000000099999999991 0.00000000099999999991 0.00000000099999999991 0.00000000099999999991 0.00000000099999999991 0.99999999099999992147 0.00000000099999999991 
0.00000000099999999995 0.00000000099999999995 0.00000000099999999995 0.00000000099999999995 0.00000000099999999995 0.00000000099999999995 0.00000000099999999995 0.00000000099999999995 0.99999999100000003249 0.00000000099999999995 
0.00000000099999999992 0.00000000099999999992 0.00000000099999999992 0.00000000099999999992 0.00000000099999999992 0.00000000099999999992 0.00000000099999999992 0.00000000099999999992 0.99999999099999992147 0.00000000099999999992 
0.09484241489110013801 0.00000162365568676604 0.00000000100000000000 0.00000009562443544776 0.00000000100000000000 0.03227758727676426076 0.00003520353544859777 0.00000851625666094165 0.13106245002715929959 0.74177210673274451835 
0.00000000099999999990 0.00000000099999999990 0.00000000099999999990 0.00000000099999999990 0.00000000099999999990 0.00000000099999999990 0.00000000099999999990 0.00000000099999999990 0.99999999099999992147 0.00000000099999999990 
0.00000000099999999990 0.00000000099999999990 0.00000000099999999990 0.00000000099999999990 0.00000000099999999990 0.00000000099999999990 0.00000000099999999990 0.00000000099999999990 0.99999999100000003249 0.00000000099999999990 
0.99999999100000014352 0.00000000099999999975 0.00000000099999999975 0.00000000099999999975 0.00000000099999999975 0.00000000099999999975 0.00000000099999999975 0.00000000099999999975 0.00000000099999999975 0.00000000099999999975 
0.87438818219856118130 0.00000000099999999984 0.00000000099999999984 0.00000000099999999984 0.00000000099999999984 0.00000000099999999984 0.00000000099999999984 0.00000000099999999984 0.00000000099999999984 0.12561180980143893393 
0.99999999100000025454 0.00000000099999999962 0.00000000099999999962 0.00000000099999999962 0.00000000099999999962 0.00000000099999999962 0.00000000099999999962 0.00000000099999999962 0.00000000099999999962 0.00000000099999999962 
0.70503536461473204078 0.00000000099999999985 0.00000000099999999985 0.00000000099999999985 0.00000000099999999985 0.00000000099999999985 0.00000000099999999985 0.00000000099999999985 0.00000000099999999985 0.29496462738526812997 
0.99999999100000025454 0.00000000099999999971 0.00000000099999999971 0.00000000099999999971 0.00000000099999999971 0.00000000099999999971 0.00000000099999999971 0.00000000099999999971 0.00000000099999999971 0.00000000099999999971 
0.99999999100000014352 0.00000000099999999973 0.00000000099999999973 0.00000000099999999973 0.00000000099999999973 0.00000000099999999973 0.00000000099999999973 0.00000000099999999973 0.00000000099999999973 0.00000000099999999973 
0.49122092292576952088 0.00000000099999999986 0.00000000099999999986 0.00000000099999999986 0.00000000099999999986 0.00000000099999999986 0.00000000099999999986 0.00000000099999999986 0.00000000099999999986 0.50877906907423020577 
0.99999999100000014352 0.00000000099999999962 0.00000000099999999962 0.00000000099999999962 0.00000000099999999962 0.00000000099999999962 0.00000000099999999962 0.00000000099999999962 0.00000000099999999962 0.00000000099999999962 
0.99999999100000014352 0.00000000099999999979 0.00000000099999999979 0.00000000099999999979 0.00000000099999999979 0.00000000099999999979 0.00000000099999999979 0.00000000099999999979 0.00000000099999999979 0.00000000099999999979 
0.99999999100000014352 0.00000000099999999966 0.00000000099999999966 0.00000000099999999966 0.00000000099999999966 0.00000000099999999966 0.00000000099999999966 0.00000000099999999966 0.00000000099999999966 0.00000000099999999966 
0.99999999100000025454 0.00000000099999999961 0.00000000099999999961 0.00000000099999999961 0.00000000099999999961 0.00000000099999999961 0.00000000099999999961 0.00000000099999999961 0.00000000099999999961 0.00000000099999999961 
0.99999999100000014352 0.00000000099999999965 0.00000000099999999965 0.00000000099999999965 0.00000000099999999965 0.00000000099999999965 0.00000000099999999965 0.00000000099999999965 0.00000000099999999965 0.00000000099999999965 
0.99999999100000014352 0.00000000099999999969 0.00000000099999999969 0.00000000099999999969 0.00000000099999999969 0.00000000099999999969 0.00000000099999999969 0.00000000099999999969 0.00000000099999999969 0.00000000099999999969 
0.99999999100000025454 0.00000000099999999953 0.00000000099999999953 0.00000000099999999953 0.00000000099999999953 0.00000000099999999953 0.00000000099999999953 0.00000000099999999953 0.00000000099999999953 0.00000000099999999953 
0.99999999100000014352 0.00000000099999999970 0.00000000099999999970 0.00000000099999999970 0.00000000099999999970 0.00000000099999999970 0.00000000099999999970 0.00000000099999999970 0.00000000099999999970 0.00000000099999999970 
0.99999999100000014352 0.00000000099999999976 0.00000000099999999976 0.00000000099999999976 0.00000000099999999976 0.00000000099999999976 0.00000000099999999976 0.00000000099999999976 0.00000000099999999976 0.00000000099999999976 
0.00000000099999999965 0.00000000099999999965 0.00000000099999999965 0.00000000099999999965 0.00000000099999999965 0.00000000099999999965 0.00000000099999999965 0.00000000099999999965 0.00000000099999999965 0.99999999099999992147 
0.00000000099999999956 0.00000000099999999956 0.00000000099999999956 0.00000000099999999956 0.00000000099999999956 0.00000000099999999956 0.00000000099999999956 0.00000000099999999956 0.00000000099999999956 0.99999999100000003249 
0.10573292461644391571 0.00000000099999999973 0.00000000099999999973 0.00000000099999999973 0.00000000099999999973 0.00000000099999999973 0.00000000099999999973 0.00000000099999999973 0.00000000099999999973 0.89426706738355610238 
0.23360837417408433780 0.00000000099999999977 0.00000000099999999977 0.00000000099999999977 0.00000000099999999977 0.00000000099999999977 0.00000000099999999977 0.00000000099999999977 0.00000000099999999977 0.76639161782591569416 
0.16435461170923745811 0.00000000099999999989 0.00000000099999999989 0.00000000099999999989 0.00000000099999999989 0.00000000099999999989 0.00000000099999999989 0.00000000099999999989 0.00000000099999999989 0.83564538029076262937 
0.15494537069693684050 0.00000000099999999980 0.00000000099999999980 0.00000000099999999980 0.00000000099999999980 0.00000000099999999980 0.00000000099999999980 0.00000000099999999980 0.00000000099999999980 0.84505462130306319146 
0.48000075823662119445 0.00000000099999999999 0.00000000099999999999 0.00000000099999999999 0.00000000099999999999 0.00000000099999999999 0.00000000099999999999 0.00000000099999999999 0.02150536131576448462 0.49849387344761408869 
0.36816589470034505327 0.00000012872943957353 0.00000000100000000000 0.00000062666102029744 0.00000000100000000000 0.00001972635835112123 0.00000000100000000000 0.03890517429174207564 0.00009509435031860017 0.59281335190878337027 
0.40809052970094544799 0.00068401281085413114 0.00000001333238737249 0.00346100814149715406 0.00000000100000000000 0.10397644832333445553 0.00000604107300651327 0.00000018938384667696 0.02929092796527157580 0.45449082826885656150 
0.35893956198736293173 0.00000000099999999991 0.00000000099999999991 0.00000000099999999991 0.00000000099999999991 0.00000000099999999991 0.00000000099999999991 0.00000000099999999991 0.00000000099999999991 0.64106043001263679493 
0.40065239987573281200 0.00000000099999999989 0.00000000099999999989 0.00000000099999999989 0.00000000099999999989 0.00000000099999999989 0.00000000099999999989 0.00000000099999999989 0.00000000099999999989 0.59934759212426702568 
0.40730740051213482067 0.00000000099999999993 0.00000000099999999993 0.00000000099999999993 0.00000000099999999993 0.00000000099999999993 0.00000000099999999993 0.00000000099999999993 0.00000000099999999993 0.59269259148786490599 
0.11759791175027153876 0.00000000099999999980 0.00000000099999999980 0.00000000099999999980 0.00000000099999999980 0.00000000099999999980 0.00000000099999999980 0.00000000099999999980 0.00000000099999999980 0.88240208024972854872 
0.18109381371227245561 0.00000000099999999980 0.00000000099999999980 0.00000000099999999980 0.00000000099999999980 0.00000000099999999980 0.00000000099999999980 0.00000000099999999980 0.00000000099999999980 0.81890617828772749309 
0.24236888020901758978 0.00000000099999999982 0.00000000099999999982 0.00000000099999999982 0.00000000099999999982 0.00000000099999999982 0.00000000099999999982 0.00000000099999999982 0.00000000099999999982 0.75763111179098230341 
0.09416137250700717942 0.00000000099999999974 0.00000000099999999974 0.00000000099999999974 0.00000000099999999974 0.00000000099999999974 0.00000000099999999974 0.00000000099999999974 0.00000000099999999974 0.90583861949299282479 
0.15405795733390661995 0.00000000099999999985 0.00000000099999999985 0.00000000099999999985 0.00000000099999999985 0.00000000099999999985 0.00000000099999999985 0.00000000099999999985 0.00000000099999999985 0.84594203466609352304 
0.00000000099999999977 0.00000000099999999977 0.00000000099999999977 0.00000000099999999977 0.00000000099999999977 0.00000000099999999977 0.00000000099999999977 0.00000000099999999977 0.00000000099999999977 0.99999999100000003249 
0.14756778046468643772 0.00000000099999999978 0.00000000099999999978 0.00000000099999999978 0.00000000099999999978 0.00000000099999999978 0.00000000099999999978 0.00000000099999999978 0.00000000099999999978 0.85243221153531356649 
0.09066595722916098721 0.00000000099999999976 0.00000000099999999976 0.00000000099999999976 0.00000000099999999976 0.00000000099999999976 0.00000000099999999976 0.00000000099999999976 0.00000000099999999976 0.90933403477083907251 
0.14549442424795330786 0.00000000099999999982 0.00000000099999999982 0.00000000099999999982 0.00000000099999999982 0.00000000099999999982 0.00000000099999999982 0.00000000099999999982 0.00000000099999999982 0.85450556775204666859 
0.16152106238849822661 0.00000000099999999978 0.00000000099999999978 0.00000000099999999978 0.00000000099999999978 0.00000000099999999978 0.00000000099999999978 0.00000000099999999978 0.00000000099999999978 0.83847892961150183311 
0.13132757814361467608 0.00000000099999999981 0.00000000099999999981 0.00000000099999999981 0.00000000099999999981 0.00000000099999999981 0.00000000099999999981 0.00000000099999999981 0.00000000099999999981 0.86867241385638538365 
0.13367499170944027731 0.00000000099999999988 0.00000000099999999988 0.00000000099999999988 0.00000000099999999988 0.00000000099999999988 0.00000000099999999988 0.00000000099999999988 0.00000000099999999988 0.86632500029055969915 
0.13918171672813201001 0.00000000099999999985 0.00000000099999999985 0.00000000099999999985 0.00000000099999999985 0.00000000099999999985 0.00000000099999999985 0.00000000099999999985 0.00000000099999999985 0.86081827527186793869 
0.12078109242970180848 0.00000000099999999987 0.00000000099999999987 0.00000000099999999987 0.00000000099999999987 0.00000000099999999987 0.00000000099999999987 0.00000000099999999987 0.00000000099999999987 0.87921889957029830676 
0.12723485895592712147 0.00000000099999999984 0.00000000099999999984 0.00000000099999999984 0.00000000099999999984 0.00000000099999999984 0.00000000099999999984 0.00000000099999999984 0.00000000099999999984 0.87276513304407288274 
0.12680750724599315626 0.00000000099999999993 0.00000000099999999993 0.00000000099999999993 0.00000000099999999993 0.00000000099999999993 0.00000000099999999993 0.00000000099999999993 0.00000000099999999993 0.87319248475400690346 
0.12228196994097799422 0.00000000099999999986 0.00000000099999999986 0.00000000099999999986 0.00000000099999999986 0.00000000099999999986 0.00000000099999999986 0.00000000099999999986 0.00000000099999999986 0.87771802205902205163 
0.15678231447615259553 0.00000000099999999979 0.00000000099999999979 0.00000000099999999979 0.00000000099999999979 0.00000000099999999979 0.00000000099999999979 0.00000000099999999979 0.00000000099999999979 0.84321767752384746419 
0.00000000099999999978 0.00000000099999999978 0.00000000099999999978 0.00000000099999999978 0.00000000099999999978 0.00000000099999999978 0.00000000099999999978 0.00000000099999999978 0.00000000099999999978 0.99999999100000003249 
0.17259731011195314498 0.00000000099999999980 0.00000000099999999980 0.00000000099999999980 0.00000000099999999980 0.00000000099999999980 0.00000000099999999980 0.00000000099999999980 0.00000000099999999980 0.82740268188804699800 
0.12826073593593709243 0.00000000099999999974 0.00000000099999999974 0.00000000099999999974 0.00000000099999999974 0.00000000099999999974 0.00000000099999999974 0.00000000099999999974 0.00000000099999999974 0.87173925606406299504 
0.10930723383222488987 0.00000000099999999973 0.00000000099999999973 0.00000000099999999973 0.00000000099999999973 0.00000000099999999973 0.00000000099999999973 0.00000000099999999973 0.00000000099999999973 0.89069275816777515598 
0.17423218674993790067 0.00000000099999999980 0.00000000099999999980 0.00000000099999999980 0.00000000099999999980 0.00000000099999999980 0.00000000099999999980 0.00000000099999999980 0.00000000099999999980 0.82576780525006221456 
0.16645600846112917903 0.00000000099999999976 0.00000000099999999976 0.00000000099999999976 0.00000000099999999976 0.00000000099999999976 0.00000000099999999976 0.00000000099999999976 0.00000000099999999976 0.83354398353887093620 
0.14927529496613764493 0.00000000099999999980 0.00000000099999999980 0.00000000099999999980 0.00000000099999999980 0.00000000099999999980 0.00000000099999999980 0.00000000099999999980 0.00000000099999999980 0.85072469703386244255 
0.13880909181601100433 0.00000000099999999985 0.00000000099999999985 0.00000000099999999985 0.00000000099999999985 0.00000000099999999985 0.00000000099999999985 0.00000000099999999985 0.00000000099999999985 0.86119090018398902764 
0.19252251824642024891 0.00000000099999999984 0.00000000099999999984 0.00000000099999999984 0.00000000099999999984 0.00000000099999999984 0.00000000099999999984 0.00000000099999999984 0.00000000099999999984 0.80747747375357992183 
0.10003262385072013430 0.00000000099999999986 0.00000000099999999986 0.00000000099999999986 0.00000000099999999986 0.00000000099999999986 0.00000000099999999986 0.00000000099999999986 0.00000000099999999986 0.89996736814927991155 
0.12521830959708526998 0.00000000099999999975 0.00000000099999999975 0.00000000099999999975 0.00000000099999999975 0.00000000099999999975 0.00000000099999999975 0.00000000099999999975 0.00000000099999999975 0.87478168240291465096 
0.17359898549235491805 0.00000000099999999994 0.00000000099999999994 0.00000000099999999994 0.00000000099999999994 0.00000000099999999994 0.00000000099999999994 0.00000000099999999994 0.00000000099999999994 0.82640100650764503065 
0.12457352704890657658 0.00000000099999999979 0.00000000099999999979 0.00000000099999999979 0.00000000099999999979 0.00000000099999999979 0.00000000099999999979 0.00000000099999999979 0.00000000099999999979 0.87542646495109355254 
0.11975788669231883510 0.00000000099999999982 0.00000000099999999982 0.00000000099999999982 0.00000000099999999982 0.00000000099999999982 0.00000000099999999982 0.00000000099999999982 0.02213187789698120578 0.85811022841070005995 
0.12032132898710239111 0.00000000099999999976 0.00000000099999999976 0.00000000099999999976 0.00000000099999999976 0.00000000099999999976 0.00000000099999999976 0.00000000099999999976 0.00000000099999999976 0.87967866301289776576 
0.16762829431406178760 0.00000000099999999982 0.00000000099999999982 0.00000000099999999982 0.00000000099999999982 0.00000000099999999982 0.00000000099999999982 0.00000000099999999982 0.00000000099999999982 0.83237169768593810559 
