0.99999999300000019797 0.00000000099999999991 0.00000000099999999991 0.00000000099999999991 0.00000000099999999991 0.00000000099999999991 0.00000000099999999991 0.00000000099999999991 
0.99999999300000008695 0.00000000099999999995 0.00000000099999999995 0.00000000099999999995 0.00000000099999999995 0.00000000099999999995 0.00000000099999999995 0.00000000099999999995 
0.99999999300000019797 0.00000000099999999993 0.00000000099999999993 0.00000000099999999993 0.00000000099999999993 0.00000000099999999993 0.00000000099999999993 0.00000000099999999993 
0.99999999300000008695 0.00000000099999999993 0.00000000099999999993 0.00000000099999999993 0.00000000099999999993 0.00000000099999999993 0.00000000099999999993 0.00000000099999999993 
0.99999999300000019797 0.00000000099999999992 0.00000000099999999992 0.00000000099999999992 0.00000000099999999992 0.00000000099999999992 0.00000000099999999992 0.00000000099999999992 
0.99999999300000019797 0.00000000099999999994 0.00000000099999999994 0.00000000099999999994 0.00000000099999999994 0.00000000099999999994 0.00000000099999999994 0.00000000099999999994 
0.99999999300000008695 0.00000000099999999993 0.00000000099999999993 0.00000000099999999993 0.00000000099999999993 0.00000000099999999993 0.00000000099999999993 0.00000000099999999993 
0.99540099487771149800 0.00000000099999999994 0.00000000099999999994 0.00000000099999999994 0.00459899912228862746 0.00000000099999999994 0.00000000099999999994 0.00000000099999999994 
0.99999999300000008695 0.00000000099999999994 0.00000000099999999994 0.00000000099999999994 0.00000000099999999994 0.00000000099999999994 0.00000000099999999994 0.00000000099999999994 
0.99999999300000019797 0.00000000099999999995 0.00000000099999999995 0.00000000099999999995 0.00000000099999999995 0.00000000099999999995 0.00000000099999999995 0.00000000099999999995 
0.99999999300000008695 0.00000000099999999992 0.00000000099999999992 0.00000000099999999992 0.00000000099999999992 0.00000000099999999992 0.00000000099999999992 0.00000000099999999992 
0.99999999300000008695 0.00000000099999999991 0.00000000099999999991 0.00000000099999999991 0.00000000099999999991 0.00000000099999999991 0.00000000099999999991 0.00000000099999999991 
0.99999999300000008695 0.00000000099999999995 0.00000000099999999995 0.00000000099999999995 0.00000000099999999995 0.00000000099999999995 0.00000000099999999995 0.00000000099999999995 
0.99999999300000019797 0.00000000099999999991 0.00000000099999999991 0.00000000099999999991 0.00000000099999999991 0.00000000099999999991 0.00000000099999999991 0.00000000099999999991 
0.99999999300000019797 0.00000000099999999992 0.00000000099999999992 0.00000000099999999992 0.00000000099999999992 0.00000000099999999992 0.00000000099999999992 0.00000000099999999992 
0.99999999300000019797 0.00000000099999999992 0.00000000099999999992 0.00000000099999999992 0.00000000099999999992 0.00000000099999999992 0.00000000099999999992 0.00000000099999999992 
0.99999999300000008695 0.00000000099999999995 0.00000000099999999995 0.00000000099999999995 0.00000000099999999995 0.00000000099999999995 0.00000000099999999995 0.00000000099999999995 
0.99999999300000019797 0.00000000099999999994 0.00000000099999999994 0.00000000099999999994 0.00000000099999999994 0.00000000099999999994 0.00000000099999999994 0.00000000099999999994 
0.99999999300000019797 0.00000000099999999994 0.00000000099999999994 0.00000000099999999994 0.00000000099999999994 0.00000000099999999994 0.00000000099999999994 0.00000000099999999994 
0.99999999300000008695 0.00000000099999999993 0.00000000099999999993 0.00000000099999999993 0.00000000099999999993 0.00000000099999999993 0.00000000099999999993 0.00000000099999999993 
0.99999999300000008695 0.00000000099999999998 0.00000000099999999998 0.00000000099999999998 0.00000000099999999998 0.00000000099999999998 0.00000000099999999998 0.00000000099999999998 
0.99999999300000008695 0.00000000099999999991 0.00000000099999999991 0.00000000099999999991 0.00000000099999999991 0.00000000099999999991 0.00000000099999999991 0.00000000099999999991 
0.99999978645790887910 0.00000000099999999998 0.00000000099999999998 0.00000000099999999998 0.00000000099999999998 0.00000000099999999998 0.00000020754209118324 0.00000000099999999998 
0.99999999300000019797 0.00000000099999999992 0.00000000099999999992 0.00000000099999999992 0.00000000099999999992 0.00000000099999999992 0.00000000099999999992 0.00000000099999999992 
0.99999999300000019797 0.00000000099999999993 0.00000000099999999993 0.00000000099999999993 0.00000000099999999993 0.00000000099999999993 0.00000000099999999993 0.00000000099999999993 
0.99999999300000019797 0.00000000099999999997 0.00000000099999999997 0.00000000099999999997 0.00000000099999999997 0.00000000099999999997 0.00000000099999999997 0.00000000099999999997 
0.99999999300000008695 0.00000000099999999991 0.00000000099999999991 0.00000000099999999991 0.00000000099999999991 0.00000000099999999991 0.00000000099999999991 0.00000000099999999991 
0.99999999300000019797 0.00000000099999999993 0.00000000099999999993 0.00000000099999999993 0.00000000099999999993 0.00000000099999999993 0.00000000099999999993 0.00000000099999999993 
0.99999999300000008695 0.00000000099999999998 0.00000000099999999998 0.00000000099999999998 0.00000000099999999998 0.00000000099999999998 0.00000000099999999998 0.00000000099999999998 
0.99999999300000008695 0.00000000099999999995 0.00000000099999999995 0.00000000099999999995 0.00000000099999999995 0.00000000099999999995 0.00000000099999999995 0.00000000099999999995 
0.99999999300000019797 0.00000000099999999992 0.00000000099999999992 0.00000000099999999992 0.00000000099999999992 0.00000000099999999992 0.00000000099999999992 0.00000000099999999992 
0.99999999300000008695 0.00000000099999999995 0.00000000099999999995 0.00000000099999999995 0.00000000099999999995 0.00000000099999999995 0.00000000099999999995 0.00000000099999999995 
0.99999999300000008695 0.00000000099999999993 0.00000000099999999993 0.00000000099999999993 0.00000000099999999993 0.00000000099999999993 0.00000000099999999993 0.00000000099999999993 
0.99349150882341252800 0.00000000099999999999 0.00000000099999999999 0.00000000099999999999 0.00000003962780889102 0.00000000099999999999 0.00650844654877864252 0.00000000099999999999 
0.99999999300000008695 0.00000000099999999994 0.00000000099999999994 0.00000000099999999994 0.00000000099999999994 0.00000000099999999994 0.00000000099999999994 0.00000000099999999994 
0.99999999300000008695 0.00000000099999999992 0.00000000099999999992 0.00000000099999999992 0.00000000099999999992 0.00000000099999999992 0.00000000099999999992 0.00000000099999999992 
0.99999999300000008695 0.00000000099999999991 0.00000000099999999991 0.00000000099999999991 0.00000000099999999991 0.00000000099999999991 0.00000000099999999991 0.00000000099999999991 
0.99999999300000008695 0.00000000099999999992 0.00000000099999999992 0.00000000099999999992 0.00000000099999999992 0.00000000099999999992 0.00000000099999999992 0.00000000099999999992 
0.99999999300000008695 0.00000000099999999993 0.00000000099999999993 0.00000000099999999993 0.00000000099999999993 0.00000000099999999993 0.00000000099999999993 0.00000000099999999993 
0.99999999266920880370 0.00000000099999999994 0.00000000099999999994 0.00000000099999999994 0.00000000133079131350 0.00000000099999999994 0.00000000099999999994 0.00000000099999999994 
0.99999999300000019797 0.00000000099999999995 0.00000000099999999995 0.00000000099999999995 0.00000000099999999995 0.00000000099999999995 0.00000000099999999995 0.00000000099999999995 
0.96606727595048913493 0.00000000592210450516 0.00011969146979531878 0.01052782875543230995 0.00000006821178075986 0.00081883730880492639 0.00000000193385066992 0.02246629044774235695 
0.99999999300000019797 0.00000000099999999995 0.00000000099999999995 0.00000000099999999995 0.00000000099999999995 0.00000000099999999995 0.00000000099999999995 0.00000000099999999995 
0.99999999300000019797 0.00000000099999999995 0.00000000099999999995 0.00000000099999999995 0.00000000099999999995 0.00000000099999999995 0.00000000099999999995 0.00000000099999999995 
0.99999999300000019797 0.00000000099999999991 0.00000000099999999991 0.00000000099999999991 0.00000000099999999991 0.00000000099999999991 0.00000000099999999991 0.00000000099999999991 
0.99999999300000019797 0.00000000099999999992 0.00000000099999999992 0.00000000099999999992 0.00000000099999999992 0.00000000099999999992 0.00000000099999999992 0.00000000099999999992 
0.99999999300000008695 0.00000000099999999993 0.00000000099999999993 0.00000000099999999993 0.00000000099999999993 0.00000000099999999993 0.00000000099999999993 0.00000000099999999993 
0.99999999300000008695 0.00000000099999999993 0.00000000099999999993 0.00000000099999999993 0.00000000099999999993 0.00000000099999999993 0.00000000099999999993 0.00000000099999999993 
0.99999999300000008695 0.00000000099999999994 0.00000000099999999994 0.00000000099999999994 0.00000000099999999994 0.00000000099999999994 0.00000000099999999994 0.00000000099999999994 
0.99999999300000008695 0.00000000099999999995 0.00000000099999999995 0.00000000099999999995 0.00000000099999999995 0.00000000099999999995 0.00000000099999999995 0.00000000099999999995 
0.96913292125640715380 0.00000000099999999999 0.01226325709151550834 0.00000933578831149879 0.00912718282579974213 0.00000000099999999999 0.00000000099999999999 0.00946730003796615593 
0.00000000099999999990 0.00000000099999999990 0.26768348779814554739 0.67778911458038271221 0.00000000099999999990 0.00000000099999999990 0.00000000099999999990 0.05452739262147190263 
0.00000000099999999991 0.00000000099999999991 0.27983869370868669213 0.65340967383404446878 0.00000000099999999991 0.00000000099999999991 0.00000000099999999991 0.06675162745726899438 
0.00000000099999999991 0.00000000099999999991 0.29875045006023587257 0.62916234332204290514 0.00000000099999999991 0.00000000099999999991 0.00000000099999999991 0.07208720161772114166 
0.00000000099999999992 0.00000000099999999992 0.26783299077285893652 0.63505185834165589487 0.00000000099999999992 0.00000000099999999992 0.00000000099999999992 0.09711514588548540716 
0.00000000099999999991 0.00000000099999999991 0.27971613451785165561 0.66494084346806459074 0.00000000099999999991 0.00000000099999999991 0.00000000099999999991 0.05534301701408390201 
0.00000000099999999961 0.99999999300000019797 0.00000000099999999961 0.00000000099999999961 0.00000000099999999961 0.00000000099999999961 0.00000000099999999961 0.00000000099999999961 
0.00000000099999999961 0.99999999300000008695 0.00000000099999999961 0.00000000099999999961 0.00000000099999999961 0.00000000099999999961 0.00000000099999999961 0.00000000099999999961 
0.00000000099999999958 0.99999999300000008695 0.00000000099999999958 0.00000000099999999958 0.00000000099999999958 0.00000000099999999958 0.00000000099999999958 0.00000000099999999958 
0.00000000099999999957 0.99999999300000008695 0.00000000099999999957 0.00000000099999999957 0.00000000099999999957 0.00000000099999999957 0.00000000099999999957 0.00000000099999999957 
0.00000000099999999954 0.99999999300000008695 0.00000000099999999954 0.00000000099999999954 0.00000000099999999954 0.00000000099999999954 0.00000000099999999954 0.00000000099999999954 
0.00000000099999999964 0.99999999300000008695 0.00000000099999999964 0.00000000099999999964 0.00000000099999999964 0.00000000099999999964 0.00000000099999999964 0.00000000099999999964 
0.00000000099999999946 0.99999999300000008695 0.00000000099999999946 0.00000000099999999946 0.00000000099999999946 0.00000000099999999946 0.00000000099999999946 0.00000000099999999946 
0.00000000099999999959 0.99999999300000008695 0.00000000099999999959 0.00000000099999999959 0.00000000099999999959 0.00000000099999999959 0.00000000099999999959 0.00000000099999999959 
0.00000000099999999953 0.99999999300000019797 0.00000000099999999953 0.00000000099999999953 0.00000000099999999953 0.00000000099999999953 0.00000000099999999953 0.00000000099999999953 
0.00000000099999999962 0.99999999300000008695 0.00000000099999999962 0.00000000099999999962 0.00000000099999999962 0.00000000099999999962 0.00000000099999999962 0.00000000099999999962 
0.00000000099999999965 0.99999999300000008695 0.00000000099999999965 0.00000000099999999965 0.00000000099999999965 0.00000000099999999965 0.00000000099999999965 0.00000000099999999965 
0.00000000099999999960 0.99999999300000019797 0.00000000099999999960 0.00000000099999999960 0.00000000099999999960 0.00000000099999999960 0.00000000099999999960 0.00000000099999999960 
0.00000000099999999959 0.99999999300000008695 0.00000000099999999959 0.00000000099999999959 0.00000000099999999959 0.00000000099999999959 0.00000000099999999959 0.00000000099999999959 
0.00000000099999999958 0.99999999300000008695 0.00000000099999999958 0.00000000099999999958 0.00000000099999999958 0.00000000099999999958 0.00000000099999999958 0.00000000099999999958 
0.00000000099999999959 0.99999999300000008695 0.00000000099999999959 0.00000000099999999959 0.00000000099999999959 0.00000000099999999959 0.00000000099999999959 0.00000000099999999959 
0.00000000099999999963 0.99999999300000008695 0.00000000099999999963 0.00000000099999999963 0.00000000099999999963 0.00000000099999999963 0.00000000099999999963 0.00000000099999999963 
0.00000000099999999964 0.99999999300000008695 0.00000000099999999964 0.00000000099999999964 0.00000000099999999964 0.00000000099999999964 0.00000000099999999964 0.00000000099999999964 
0.00000000099999999968 0.99999999300000008695 0.00000000099999999968 0.00000000099999999968 0.00000000099999999968 0.00000000099999999968 0.00000000099999999968 0.00000000099999999968 
0.00000000099999999961 0.99999999300000008695 0.00000000099999999961 0.00000000099999999961 0.00000000099999999961 0.00000000099999999961 0.00000000099999999961 0.00000000099999999961 
0.00000000099999999959 0.99999999300000019797 0.00000000099999999959 0.00000000099999999959 0.00000000099999999959 0.00000000099999999959 0.00000000099999999959 0.00000000099999999959 
0.00000000099999999962 0.99999999300000008695 0.00000000099999999962 0.00000000099999999962 0.00000000099999999962 0.00000000099999999962 0.00000000099999999962 0.00000000099999999962 
0.00000000099999999953 0.99999999300000008695 0.00000000099999999953 0.00000000099999999953 0.00000000099999999953 0.00000000099999999953 0.00000000099999999953 0.00000000099999999953 
0.00000000099999999965 0.99999999300000008695 0.00000000099999999965 0.00000000099999999965 0.00000000099999999965 0.00000000099999999965 0.00000000099999999965 0.00000000099999999965 
0.00000000099999999960 0.99999999300000008695 0.00000000099999999960 0.00000000099999999960 0.00000000099999999960 0.00000000099999999960 0.00000000099999999960 0.00000000099999999960 
0.00000000099999999990 0.00000000099999999990 0.00000000099999999990 0.00000000099999999990 0.00000000099999999990 0.99999999299999997593 0.00000000099999999990 0.00000000099999999990 
0.00000000099999999984 0.00000000099999999984 0.00000000099999999984 0.00000000099999999984 0.00000000099999999984 0.99999999299999997593 0.00000000099999999984 0.00000000099999999984 
0.00000000099999999985 0.00000000099999999985 0.00000000099999999985 0.00000000099999999985 0.00000000099999999985 0.99999999300000008695 0.00000000099999999985 0.00000000099999999985 
0.00000000099999999993 0.00000000099999999993 0.00000000099999999993 0.00000000099999999993 0.00000000099999999993 0.99999999299999997593 0.00000000099999999993 0.00000000099999999993 
0.00000000099999999969 0.00000000099999999969 0.00000000099999999969 0.00000000099999999969 0.00000000099999999969 0.99999999299999997593 0.00000000099999999969 0.00000000099999999969 
0.00000000099999999996 0.00000000099999999996 0.00000000099999999996 0.00000000099999999996 0.00000000099999999996 0.96350051191182295440 0.03649948208817688916 0.00000000099999999996 
0.00000000099999999992 0.00000000099999999992 0.00000000099999999992 0.00000000099999999992 0.00000000099999999992 0.99999999299999997593 0.00000000099999999992 0.00000000099999999992 
0.00000000099999999992 0.00000000099999999992 0.00000000099999999992 0.00000000099999999992 0.00000000099999999992 0.99999999299999997593 0.00000000099999999992 0.00000000099999999992 
0.00000000099999999994 0.00000000099999999994 0.00000000099999999994 0.00000000099999999994 0.00000000099999999994 0.98674425744601634847 0.01325573655398366336 0.00000000099999999994 
0.00000000099999999992 0.00000000099999999992 0.00000000099999999992 0.00000000099999999992 0.00000000099999999992 0.99999999300000008695 0.00000000099999999992 0.00000000099999999992 
0.00000000099999999973 0.00000000099999999973 0.00000000099999999973 0.00000000099999999973 0.00000000099999999973 0.99999999299999997593 0.00000000099999999973 0.00000000099999999973 
0.00000000099999999997 0.00000000099999999997 0.00000000099999999997 0.00000000099999999997 0.00000000099999999997 0.99321414869261082092 0.00678584530738928805 0.00000000099999999997 
0.00000000099999999990 0.00000000099999999990 0.00000000099999999990 0.00000000099999999990 0.00000000099999999990 0.99999999300000008695 0.00000000099999999990 0.00000000099999999990 
0.00000000099999999990 0.00000000099999999990 0.00000000099999999990 0.99999999299999997593 0.00000000099999999990 0.00000000099999999990 0.00000000099999999990 0.00000000099999999990 
0.00000000099999999996 0.00000000099999999996 0.76454878872576914617 0.13533567034944204988 0.00000000099999999996 0.00000000099999999996 0.00000000099999999996 0.10011553592478884822 
0.00000000099999999994 0.00000000099999999994 0.00000000099999999994 0.99999999300000008695 0.00000000099999999994 0.00000000099999999994 0.00000000099999999994 0.00000000099999999994 
0.00000000099999999997 0.00000000099999999997 0.66526074357680042848 0.15316795641161742858 0.00000000099999999997 0.00000000099999999997 0.00000000099999999997 0.18157129501158220108 
0.00000000099999999996 0.00000000099999999996 0.65415203421142453788 0.18357509744340744229 0.00000000099999999996 0.00000000099999999996 0.00000000099999999996 0.16227286334516805022 
0.00000000099999999991 0.00000000099999999991 0.00000000099999999991 0.99999999300000008695 0.00000000099999999991 0.00000000099999999991 0.00000000099999999991 0.00000000099999999991 
0.00000000099999999988 0.00000000099999999988 0.00000000099999999988 0.99999999300000008695 0.00000000099999999988 0.00000000099999999988 0.00000000099999999988 0.00000000099999999988 
0.00000000099999999996 0.00000000099999999996 0.66018829214525964755 0.17735011472125730703 0.00000000099999999996 0.00000000099999999996 0.00000000099999999996 0.16246158813348304806 
0.00000000099999999993 0.00000000099999999993 0.00000000099999999993 0.99999999300000008695 0.00000000099999999993 0.00000000099999999993 0.00000000099999999993 0.00000000099999999993 
0.00000000099999999993 0.00000000099999999993 0.00000000099999999993 0.99999999300000008695 0.00000000099999999993 0.00000000099999999993 0.00000000099999999993 0.00000000099999999993 
0.00000000099999999994 0.00000000099999999994 0.00000000099999999994 0.99999999300000008695 0.00000000099999999994 0.00000000099999999994 0.00000000099999999994 0.00000000099999999994 
0.00000000099999999992 0.00000000099999999992 0.00000000099999999992 0.99999999299999997593 0.00000000099999999992 0.00000000099999999992 0.00000000099999999992 0.00000000099999999992 
0.00000000099999999994 0.00000000099999999994 0.00000000099999999994 0.99999999300000008695 0.00000000099999999994 0.00000000099999999994 0.00000000099999999994 0.00000000099999999994 
0.00000000099999999996 0.00000000099999999996 0.00000000099999999996 0.99999999299999997593 0.00000000099999999996 0.00000000099999999996 0.00000000099999999996 0.00000000099999999996 
0.00000000099999999994 0.00000000099999999994 0.00000000099999999994 0.99999999299999997593 0.00000000099999999994 0.00000000099999999994 0.00000000099999999994 0.00000000099999999994 
0.02615703464389814575 0.00000000100000000000 0.74330241125140261715 0.13313681337619984180 0.00000007755818135367 0.00078770591553484735 0.00015530481505977931 0.09646065143972337719 
0.00000000099999999993 0.00000000099999999993 0.00000000099999999993 0.99999999299999997593 0.00000000099999999993 0.00000000099999999993 0.00000000099999999993 0.00000000099999999993 
0.00000000099999999993 0.00000000099999999993 0.00000000099999999993 0.99999999300000008695 0.00000000099999999993 0.00000000099999999993 0.00000000099999999993 0.00000000099999999993 
0.00000010000678034747 0.00000010206424647060 0.00000010077519231538 0.00000009840374638266 0.00000010351400587879 0.00000010092344319586 0.00000010263481511736 0.99999929167777024119 
0.00000000099999999989 0.00000000099999999989 0.12549057307746289136 0.00000000099999999989 0.00000000099999999989 0.00000000099999999989 0.00000000099999999989 0.87450942092253713955 
0.00000009193625991900 0.00000009290944542547 0.00000009685353589973 0.00000009314305310340 0.00000009487654228620 0.00000009389042979794 0.00000009541370998032 0.99999934097702369851 
0.00000000099999999990 0.00000000099999999990 0.29486456013325801351 0.00000000099999999990 0.00000000099999999990 0.00000000099999999990 0.00000000099999999990 0.70513543386674182312 
0.00000000099999999979 0.00000000099999999979 0.00000000099999999979 0.00000000099999999979 0.00000000099999999979 0.00000000099999999979 0.00000000099999999979 0.99999999300000008695 
0.00000000099999999981 0.00000000099999999981 0.00000000099999999981 0.00000000099999999981 0.00000000099999999981 0.00000000099999999981 0.00000000099999999981 0.99999999300000008695 
0.00000000099999999990 0.00000000099999999990 0.50860478681756060571 0.00000000099999999990 0.00000000099999999990 0.00000000099999999990 0.00000000099999999990 0.49139520718243950848 
0.00000009284599394733 0.00000009323529195926 0.00000009587709741209 0.00000009129701849927 0.00000009611082355195 0.00000009537765294615 0.00000009443744566708 0.99999934081867591917 
0.00000010286384716089 0.00000010464160729704 0.00000010201185303903 0.00000009989080145445 0.00000010497324194129 0.00000010391967837701 0.00000010500422263879 0.99999927669474819591 
0.00000009479353640489 0.00000009652824980472 0.00000009727214836091 0.00000009445098580703 0.00000009794762790925 0.00000009579605564631 0.00000009733275983625 0.99999932587863626932 
0.00000009203937710507 0.00000009463339729414 0.00000009499180899486 0.00000009051504058263 0.00000009577093691505 0.00000009424643137872 0.00000009498412839402 0.99999934281887936649 
0.00000009276870518909 0.00000009477787653038 0.00000009861771260999 0.00000009373668840005 0.00000009683475652780 0.00000009729170330279 0.00000009681955758382 0.99999932915299982739 
0.00000009723053247005 0.00000009741200948808 0.00000010054451315426 0.00000009574777867800 0.00000009822164545055 0.00000009875214534634 0.00000009684360054136 0.99999931524777485592 
0.00000008779875971447 0.00000008823712627960 0.00000009261922273013 0.00000008843656514475 0.00000009059521829061 0.00000008967353804076 0.00000008959980019444 0.99999937303976960123 
0.00000009371240832244 0.00000009487418386422 0.00000012406781937392 0.00000009426857031328 0.00000009683688054668 0.00000009706279142209 0.00000009681395023118 0.99999930236339595879 
0.00000010099098258554 0.00000010293367503438 0.00000009977663091461 0.00000009738753745979 0.00000010492246096828 0.00000010121889350327 0.00000010297184392141 0.99999928979797569895 
0.00000000099999999974 0.00000000099999999974 0.99999999299999997593 0.00000000099999999974 0.00000000099999999974 0.00000000099999999974 0.00000000099999999974 0.00000000099999999974 
0.00000000099999999969 0.00000000099999999969 0.99999999300000008695 0.00000000099999999969 0.00000000099999999969 0.00000000099999999969 0.00000000099999999969 0.00000000099999999969 
0.00000000099999999981 0.00000000099999999981 0.89392584189998647304 0.00000000099999999981 0.00000000099999999981 0.00000000099999999981 0.00000000099999999981 0.10607415210001364114 
0.00000000099999999984 0.00000000099999999984 0.76619773051315120949 0.00000000099999999984 0.00000000099999999984 0.00000000099999999984 0.00000000099999999984 0.23380226348684873816 
0.00000000099999999992 0.00000000099999999992 0.83541671455305799299 0.00000000099999999992 0.00000000099999999992 0.00000000099999999992 0.00000000099999999992 0.16458327944694209344 
0.00000000099999999986 0.00000000099999999986 0.84485454547111882295 0.00000000099999999986 0.00000000099999999986 0.00000000099999999986 0.00000000099999999986 0.15514544852888120796 
0.00000000099999999999 0.00000000099999999999 0.49828248993828516689 0.02155557991787299468 0.00000000099999999999 0.00000000250742499919 0.00000000099999999999 0.48016192363641702068 
0.02869639275496376971 0.00000002272941890757 0.59272273372853168105 0.00398466593579973986 0.00000001025094818508 0.00088007550358533101 0.00000006469523978799 0.37371603440151263120 
0.09028150944763208008 0.00000025684208742137 0.45205075625635809944 0.03267458596723731706 0.00002195449154636606 0.01440838159342922725 0.00083320150327651323 0.40972935389843312404 
0.00000000099999999994 0.00000000099999999994 0.64089154191184016796 0.00000000099999999994 0.00000000099999999994 0.00000000099999999994 0.00000000099999999994 0.35910845208816005725 
0.00000000099999999992 0.00000000099999999992 0.59917983384392847768 0.00000000099999999992 0.00000000099999999992 0.00000000099999999992 0.00000000099999999992 0.40082016015607169201 
0.00000000099999999995 0.00000000099999999995 0.59250076793662564967 0.00000000099999999995 0.00000000099999999995 0.00000000099999999995 0.00000000099999999995 0.40749922606337440900 
0.00000000099999999986 0.00000000099999999986 0.88217236899890560942 0.00000000099999999986 0.00000000099999999986 0.00000000099999999986 0.00000000099999999986 0.11782762500109446313 
0.00000000099999999986 0.00000000099999999986 0.81867230084330677720 0.00000000099999999986 0.00000000099999999986 0.00000000099999999986 0.00000000099999999986 0.18132769315669336474 
0.00000000099999999988 0.00000000099999999988 0.75740000624454895117 0.00000000099999999988 0.00000000099999999988 0.00000000099999999988 0.00000000099999999988 0.24259998775545116301 
0.00000000099999999982 0.00000000099999999982 0.90558152833181504437 0.00000000099999999982 0.00000000099999999982 0.00000000099999999982 0.00000000099999999982 0.09441846566818505593 
0.00000000099999999990 0.00000000099999999990 0.84573368914168467469 0.00000000099999999990 0.00000000099999999990 0.00000000099999999990 0.00000000099999999990 0.15426630485831530071 
0.00000000099999999984 0.00000000099999999984 0.99999693263002720212 0.00000000099999999984 0.00000000099999999984 0.00000000099999999984 0.00000000099999999984 0.00000306136997301526 
0.00000000099999999985 0.00000000099999999985 0.85216767802629378448 0.00000000099999999985 0.00000000099999999985 0.00000000099999999985 0.00000000099999999985 0.14783231597370624644 
0.00000000099999999983 0.00000000099999999983 0.90912251990630665865 0.00000000099999999983 0.00000000099999999983 0.00000000099999999983 0.00000000099999999983 0.09087747409369328899 
0.00000000099999999987 0.00000000099999999987 0.85428186139013573275 0.00000000099999999987 0.00000000099999999987 0.00000000099999999987 0.00000000099999999987 0.14571813260986427041 
0.00000000099999999985 0.00000000099999999985 0.83827138509685594769 0.00000000099999999985 0.00000000099999999985 0.00000000099999999985 0.00000000099999999985 0.16172860890314411098 
0.00000000099999999987 0.00000000099999999987 0.86844945488529545763 0.00000000099999999987 0.00000000099999999987 0.00000000099999999987 0.00000000099999999987 0.13155053911470468431 
0.00000000099999999992 0.00000000099999999992 0.86609766066982840638 0.00000000099999999992 0.00000000099999999992 0.00000000099999999992 0.00000000099999999992 0.13390233333017154127 
0.00000000099999999990 0.00000000099999999990 0.86058775699240663837 0.00000000099999999990 0.00000000099999999990 0.00000000099999999990 0.00000000099999999990 0.13941223700759342030 
0.00000000099999999991 0.00000000099999999991 0.87891569692019844151 0.00000000099999999991 0.00000000099999999991 0.00000000099999999991 0.00000000099999999991 0.12108429707980167267 
0.00000000099999999989 0.00000000099999999989 0.87253757124827657776 0.00000000099999999989 0.00000000099999999989 0.00000000099999999989 0.00000000099999999989 0.12746242275172336988 
0.00000000099999999995 0.00000000099999999995 0.87295425973853391088 0.00000000099999999995 0.00000000099999999995 0.00000000099999999995 0.00000000099999999995 0.12704573426146623105 
0.00000000099999999990 0.00000000099999999990 0.87747146849977375460 0.00000000099999999990 0.00000000099999999990 0.00000000099999999990 0.00000000099999999990 0.12252852550022640121 
0.00000000099999999986 0.00000000099999999986 0.84301346934152077139 0.00000000099999999986 0.00000000099999999986 0.00000000099999999986 0.00000000099999999986 0.15698652465847917625 
0.00000000099999999984 0.00000000099999999984 0.99999777607146467240 0.00000000099999999984 0.00000000099999999984 0.00000000099999999984 0.00000000099999999984 0.00000221792853545435 
0.00000000099999999986 0.00000000099999999986 0.82718052536284225607 0.00000000099999999986 0.00000000099999999986 0.00000000099999999986 0.00000000099999999986 0.17281946863715780260 
0.00000000099999999982 0.00000000099999999982 0.87150322458243867363 0.00000000099999999982 0.00000000099999999982 0.00000000099999999982 0.00000000099999999982 0.12849676941756144055 
0.00000000099999999981 0.00000000099999999981 0.89035634164695653947 0.00000000099999999981 0.00000000099999999981 0.00000000099999999981 0.00000000099999999981 0.10964365235304354695 
0.00000000099999999986 0.00000000099999999986 0.82550664791300110146 0.00000000099999999986 0.00000000099999999986 0.00000000099999999986 0.00000000099999999986 0.17449334608699887395 
0.00000000099999999983 0.00000000099999999983 0.83328739833725318231 0.00000000099999999983 0.00000000099999999983 0.00000000099999999983 0.00000000099999999983 0.16671259566274693187 
0.00000000099999999986 0.00000000099999999986 0.85051711418660713715 0.00000000099999999986 0.00000000099999999986 0.00000000099999999986 0.00000000099999999986 0.14948287981339297703 
0.00000000099999999990 0.00000000099999999990 0.86099331250170740848 0.00000000099999999990 0.00000000099999999990 0.00000000099999999990 0.00000000099999999990 0.13900668149829256692 
0.00000000099999999989 0.00000000099999999989 0.80724216221493194645 0.00000000099999999989 0.00000000099999999989 0.00000000099999999989 0.00000000099999999989 0.19275783178506800120 
0.00000000099999999990 0.00000000099999999990 0.89970339370635665777 0.00000000099999999990 0.00000000099999999990 0.00000000099999999990 0.00000000099999999990 0.10029660029364341478 
0.00000000099999999982 0.00000000099999999982 0.87449999177703530151 0.00000000099999999982 0.00000000099999999982 0.00000000099999999982 0.00000000099999999982 0.12550000222296478491 
0.00000000099999999996 0.00000000099999999996 0.82616779805832896155 0.00000000132479913417 0.00000000099999999996 0.00000000099999999996 0.00000000099999999996 0.17383219561687193733 
0.00000000099999999986 0.00000000099999999986 0.87517547608991441699 0.00000000099999999986 0.00000000099999999986 0.00000000099999999986 0.00000000099999999986 0.12482451791008573883 
0.00000000099999999987 0.00000000099999999987 0.85792060161068406376 0.02210240576295999584 0.00000000099999999987 0.00000000099999999987 0.00000000099999999987 0.11997698762635609915 
0.00000000099999999983 0.00000000099999999983 0.87943450218236907112 0.00000000099999999983 0.00000000099999999983 0.00000000099999999983 0.00000000099999999983 0.12056549181763087653 
0.00000000099999999988 0.00000000099999999988 0.83212069121106457814 0.00000000099999999988 0.00000000099999999988 0.00000000099999999988 0.00000000099999999988 0.16787930278893545277 
0.00000000099999999988 0.00000000099999999988 0.83351247236908865279 0.00000000099999999988 0.00000000099999999988 0.00000000099999999988 0.00000000099999999988 0.16648752163091135037 
0.00000000099999999987 0.00000000099999999987 0.84409179977522785787 0.00000000099999999987 0.00000000099999999987 0.00000000099999999987 0.00000000099999999987 0.15590819422477220080 
0.00000000099999999987 0.00000000099999999987 0.87394420486699042616 0.00000000099999999987 0.00000000099999999987 0.00000000099999999987 0.00000000099999999987 0.12605578913300946597 
0.00000000099999999990 0.00000000099999999990 0.87897499489761743430 0.00000000099999999990 0.00000000099999999990 0.00000000099999999990 0.00000000099999999990 0.12102499910238273539 
0.00000000099999999983 0.00000000099999999983 0.83039407339634085936 0.00000000099999999983 0.00000000099999999983 0.00000000099999999983 0.00000000099999999983 0.16960592060365911604 
0.00000000099999999994 0.00000000099999999994 0.85973518870367371392 0.00000000099999999994 0.00000000099999999994 0.00000000099999999994 0.00000000099999999994 0.14026480529632626149 
0.00000000099999999984 0.00000000099999999984 0.85592275671494166822 0.00000000099999999984 0.00000000099999999984 0.00000000099999999984 0.00000000099999999984 0.14407723728505836269 
0.00000000099999999985 0.00000000099999999985 0.79736660341797693796 0.00000000099999999985 0.00000000099999999985 0.00000000099999999985 0.00000000099999999985 0.20263339058202314846 
0.00000000099999999998 0.00000000099999999998 0.92431949322461237628 0.00000000099999999998 0.00000000099999999998 0.00000000099999999998 0.00000000099999999998 0.07568050077538779341 
0.00000000099999999994 0.00000000099999999994 0.87427767113832621781 0.00000000099999999994 0.00000000099999999994 0.00000000099999999994 0.00000000099999999994 0.12572232286167384085 
0.00000000099999999964 0.00000000099999999964 0.00000000099999999964 0.00000000099999999964 0.99999999299999997593 0.00000000099999999964 0.00000000099999999964 0.00000000099999999964 
0.00000000099999999965 0.00000000099999999965 0.00000000099999999965 0.00000000099999999965 0.99999999299999997593 0.00000000099999999965 0.00000000099999999965 0.00000000099999999965 
0.00000000099999999973 0.00000000099999999973 0.00000000099999999973 0.00000000099999999973 0.99999999299999997593 0.00000000099999999973 0.00000000099999999973 0.00000000099999999973 
0.00000000099999999969 0.00000000099999999969 0.00000000099999999969 0.00000000099999999969 0.99999999299999997593 0.00000000099999999969 0.00000000099999999969 0.00000000099999999969 
0.00000000099999999963 0.00000000099999999963 0.00000000099999999963 0.00000000099999999963 0.99999999300000008695 0.00000000099999999963 0.00000000099999999963 0.00000000099999999963 
0.00000000099999999969 0.00000000099999999969 0.00000000099999999969 0.00000000099999999969 0.99999999300000008695 0.00000000099999999969 0.00000000099999999969 0.00000000099999999969 
0.00000000099999999970 0.00000000099999999970 0.00000000099999999970 0.00000000099999999970 0.99999999300000008695 0.00000000099999999970 0.00000000099999999970 0.00000000099999999970 
0.00000000099999999977 0.00000000099999999977 0.00000000099999999977 0.00000000099999999977 0.99999999299999997593 0.00000000099999999977 0.00000000099999999977 0.00000000099999999977 
0.00000000099999999972 0.00000000099999999972 0.00000000099999999972 0.00000000099999999972 0.99999999299999997593 0.00000000099999999972 0.00000000099999999972 0.00000000099999999972 
0.00000000099999999965 0.00000000099999999965 0.00000000099999999965 0.00000000099999999965 0.99999999299999997593 0.00000000099999999965 0.00000000099999999965 0.00000000099999999965 
0.00000000099999999961 0.00000000099999999961 0.00000000099999999961 0.00000000099999999961 0.99999999300000008695 0.00000000099999999961 0.00000000099999999961 0.00000000099999999961 
0.00000000099999999962 0.00000000099999999962 0.00000000099999999962 0.00000000099999999962 0.99999999300000008695 0.00000000099999999962 0.00000000099999999962 0.00000000099999999962 
0.00000000099999999971 0.00000000099999999971 0.00000000099999999971 0.00000000099999999971 0.99999999300000008695 0.00000000099999999971 0.00000000099999999971 0.00000000099999999971 
0.00000000099999999962 0.00000000099999999962 0.00000000099999999962 0.00000000099999999962 0.99999999300000008695 0.00000000099999999962 0.00000000099999999962 0.00000000099999999962 
0.00000000099999999959 0.00000000099999999959 0.00000000099999999959 0.00000000099999999959 0.99999999299999997593 0.00000000099999999959 0.00000000099999999959 0.00000000099999999959 
0.00000000099999999965 0.00000000099999999965 0.00000000099999999965 0.00000000099999999965 0.99999999299999997593 0.00000000099999999965 0.00000000099999999965 0.00000000099999999965 
0.00000000099999999967 0.00000000099999999967 0.00000000099999999967 0.00000000099999999967 0.99999999299999997593 0.00000000099999999967 0.00000000099999999967 0.00000000099999999967 
0.00000000099999999963 0.00000000099999999963 0.00000000099999999963 0.00000000099999999963 0.99999999300000008695 0.00000000099999999963 0.00000000099999999963 0.00000000099999999963 
0.00000000099999999968 0.00000000099999999968 0.00000000099999999968 0.00000000099999999968 0.99999999300000008695 0.00000000099999999968 0.00000000099999999968 0.00000000099999999968 
0.00000000099999999909 0.00000000099999999909 0.00000000099999999909 0.00000000099999999909 0.00000000099999999909 0.00000000099999999909 0.99999999299999997593 0.00000000099999999909 
0.00000000099999999915 0.00000000099999999915 0.00000000099999999915 0.00000000099999999915 0.00000000099999999915 0.00000000099999999915 0.99999999299999997593 0.00000000099999999915 
0.00000000099999999920 0.00000000099999999920 0.00000000099999999920 0.00000000099999999920 0.00000000099999999920 0.00000000099999999920 0.99999999299999986491 0.00000000099999999920 
0.00000000099999999927 0.00000000099999999927 0.00000000099999999927 0.00000000099999999927 0.00000000099999999927 0.00000000099999999927 0.99999999299999986491 0.00000000099999999927 
0.00000000099999999992 0.00000000099999999992 0.00000000099999999992 0.99999999300000008695 0.00000000099999999992 0.00000000099999999992 0.00000000099999999992 0.00000000099999999992 
0.00000000099999999989 0.00000000099999999989 0.00000000099999999989 0.99999999299999997593 0.00000000099999999989 0.00000000099999999989 0.00000000099999999989 0.00000000099999999989 
0.00000000099999999996 0.00000000099999999996 0.00000000099999999996 0.99999999299999997593 0.00000000099999999996 0.00000000099999999996 0.00000000099999999996 0.00000000099999999996 
0.00000000099999999991 0.00000000099999999991 0.00000000099999999991 0.99999999300000008695 0.00000000099999999991 0.00000000099999999991 0.00000000099999999991 0.00000000099999999991 
0.00000000099999999984 0.00000000099999999984 0.00000000099999999984 0.99999999299999997593 0.00000000099999999984 0.00000000099999999984 0.00000000099999999984 0.00000000099999999984 
0.00000000099999999989 0.00000000099999999989 0.00000000099999999989 0.99999999300000008695 0.00000000099999999989 0.00000000099999999989 0.00000000099999999989 0.00000000099999999989 
0.00000840616345728143 0.02436827229528401584 0.00000000761982381089 0.97549016303038749154 0.00000000100000000000 0.00000326529447040622 0.00012988359657707264 0.00000000100000000000 
0.00000000099999999994 0.00000000099999999994 0.00000000099999999994 0.99999999300000008695 0.00000000099999999994 0.00000000099999999994 0.00000000099999999994 0.00000000099999999994 
0.00000000099999999993 0.00000000099999999993 0.00000000099999999993 0.99999999300000008695 0.00000000099999999993 0.00000000099999999993 0.00000000099999999993 0.00000000099999999993 
0.00000000099999999999 0.00000000099999999999 0.00000000510120065038 0.99999993317219348921 0.00000000099999999999 0.00000000099999999999 0.00000000099999999999 0.00000005672660590051 
