0.00000000099999999991 0.00000000099999999991 0.00000000099999999991 0.00000000099999999991 0.00000000099999999991 0.00000000099999999991 0.00000000099999999991 0.99999999300000008695 
0.00000000099999999995 0.00000000099999999995 0.00000000099999999995 0.00000000099999999995 0.00000000099999999995 0.00000000099999999995 0.00000000099999999995 0.99999999299999997593 
0.00000000099999999993 0.00000000099999999993 0.00000000099999999993 0.00000000099999999993 0.00000000099999999993 0.00000000099999999993 0.00000000099999999993 0.99999999299999997593 
0.00000000099999999993 0.00000000099999999993 0.00000000099999999993 0.00000000099999999993 0.00000000099999999993 0.00000000099999999993 0.00000000099999999993 0.99999999300000008695 
0.00000000099999999992 0.00000000099999999992 0.00000000099999999992 0.00000000099999999992 0.00000000099999999992 0.00000000099999999992 0.00000000099999999992 0.99999999299999997593 
0.00000000099999999994 0.00000000099999999994 0.00000000099999999994 0.00000000099999999994 0.00000000099999999994 0.00000000099999999994 0.00000000099999999994 0.99999999299999997593 
0.00000000099999999993 0.00000000099999999993 0.00000000099999999993 0.00000000099999999993 0.00000000099999999993 0.00000000099999999993 0.00000000099999999993 0.99999999299999997593 
0.00438279760817489750 0.00000000099999999994 0.00000000099999999994 0.00000000099999999994 0.00000000099999999994 0.00000000099999999994 0.00000000099999999994 0.99561719639182522101 
0.00000000099999999994 0.00000000099999999994 0.00000000099999999994 0.00000000099999999994 0.00000000099999999994 0.00000000099999999994 0.00000000099999999994 0.99999999299999997593 
0.00000000099999999995 0.00000000099999999995 0.00000000099999999995 0.00000000099999999995 0.00000000099999999995 0.00000000099999999995 0.00000000099999999995 0.99999999300000008695 
0.00000000099999999992 0.00000000099999999992 0.00000000099999999992 0.00000000099999999992 0.00000000099999999992 0.00000000099999999992 0.00000000099999999992 0.99999999300000008695 
0.00000000099999999991 0.00000000099999999991 0.00000000099999999991 0.00000000099999999991 0.00000000099999999991 0.00000000099999999991 0.00000000099999999991 0.99999999299999997593 
0.00000000099999999995 0.00000000099999999995 0.00000000099999999995 0.00000000099999999995 0.00000000099999999995 0.00000000099999999995 0.00000000099999999995 0.99999999300000008695 
0.00000000099999999991 0.00000000099999999991 0.00000000099999999991 0.00000000099999999991 0.00000000099999999991 0.00000000099999999991 0.00000000099999999991 0.99999999300000008695 
0.00000000099999999992 0.00000000099999999992 0.00000000099999999992 0.00000000099999999992 0.00000000099999999992 0.00000000099999999992 0.00000000099999999992 0.99999999300000008695 
0.00000000099999999992 0.00000000099999999992 0.00000000099999999992 0.00000000099999999992 0.00000000099999999992 0.00000000099999999992 0.00000000099999999992 0.99999999299999997593 
0.00000000099999999995 0.00000000099999999995 0.00000000099999999995 0.00000000099999999995 0.00000000099999999995 0.00000000099999999995 0.00000000099999999995 0.99999999300000008695 
0.00000000099999999994 0.00000000099999999994 0.00000000099999999994 0.00000000099999999994 0.00000000099999999994 0.00000000099999999994 0.00000000099999999994 0.99999999300000008695 
0.00000000099999999994 0.00000000099999999994 0.00000000099999999994 0.00000000099999999994 0.00000000099999999994 0.00000000099999999994 0.00000000099999999994 0.99999999299999997593 
0.00000000099999999993 0.00000000099999999993 0.00000000099999999993 0.00000000099999999993 0.00000000099999999993 0.00000000099999999993 0.00000000099999999993 0.99999999299999997593 
0.00000000099999999998 0.00000000099999999998 0.00000000099999999998 0.00000000099999999998 0.00000000099999999998 0.00000000099999999998 0.00000000099999999998 0.99999999299999997593 
0.00000000099999999991 0.00000000099999999991 0.00000000099999999991 0.00000000099999999991 0.00000000099999999991 0.00000000099999999991 0.00000000099999999991 0.99999999300000008695 
0.00000000099999999998 0.00000000099999999998 0.00000000099999999998 0.00000000099999999998 0.00000000328125644069 0.00000000099999999998 0.00000000099999999998 0.99999999071874356993 
0.00000000099999999992 0.00000000099999999992 0.00000000099999999992 0.00000000099999999992 0.00000000099999999992 0.00000000099999999992 0.00000000099999999992 0.99999999300000008695 
0.00000000099999999993 0.00000000099999999993 0.00000000099999999993 0.00000000099999999993 0.00000000099999999993 0.00000000099999999993 0.00000000099999999993 0.99999999300000008695 
0.00000000099999999997 0.00000000099999999997 0.00000000099999999997 0.00000000099999999997 0.00000000099999999997 0.00000000099999999997 0.00000000099999999997 0.99999999300000008695 
0.00000000099999999991 0.00000000099999999991 0.00000000099999999991 0.00000000099999999991 0.00000000099999999991 0.00000000099999999991 0.00000000099999999991 0.99999999299999997593 
0.00000000099999999993 0.00000000099999999993 0.00000000099999999993 0.00000000099999999993 0.00000000099999999993 0.00000000099999999993 0.00000000099999999993 0.99999999300000008695 
0.00000000099999999998 0.00000000099999999998 0.00000000099999999998 0.00000000099999999998 0.00000000099999999998 0.00000000099999999998 0.00000000099999999998 0.99999999299999997593 
0.00000000099999999995 0.00000000099999999995 0.00000000099999999995 0.00000000099999999995 0.00000000099999999995 0.00000000099999999995 0.00000000099999999995 0.99999999299999997593 
0.00000000099999999992 0.00000000099999999992 0.00000000099999999992 0.00000000099999999992 0.00000000099999999992 0.00000000099999999992 0.00000000099999999992 0.99999999299999997593 
0.00000000099999999995 0.00000000099999999995 0.00000000099999999995 0.00000000099999999995 0.00000000099999999995 0.00000000099999999995 0.00000000099999999995 0.99999999300000008695 
0.00000000099999999993 0.00000000099999999993 0.00000000099999999993 0.00000000099999999993 0.00000000099999999993 0.00000000099999999993 0.00000000099999999993 0.99999999300000008695 
0.00084363906587181135 0.00001621747940683828 0.00000000099999999999 0.00000011331700544894 0.00000000099999999999 0.00000000099999999999 0.00000000099999999999 0.99914002613771590866 
0.00000000099999999994 0.00000000099999999994 0.00000000099999999994 0.00000000099999999994 0.00000000099999999994 0.00000000099999999994 0.00000000099999999994 0.99999999300000008695 
0.00000000099999999992 0.00000000099999999992 0.00000000099999999992 0.00000000099999999992 0.00000000099999999992 0.00000000099999999992 0.00000000099999999992 0.99999999299999997593 
0.00000000099999999991 0.00000000099999999991 0.00000000099999999991 0.00000000099999999991 0.00000000099999999991 0.00000000099999999991 0.00000000099999999991 0.99999999300000008695 
0.00000000099999999992 0.00000000099999999992 0.00000000099999999992 0.00000000099999999992 0.00000000099999999992 0.00000000099999999992 0.00000000099999999992 0.99999999300000008695 
0.00000000099999999993 0.00000000099999999993 0.00000000099999999993 0.00000000099999999993 0.00000000099999999993 0.00000000099999999993 0.00000000099999999993 0.99999999300000008695 
0.00000017037464618141 0.00000000099999999994 0.00000000099999999994 0.00000000099999999994 0.00000000099999999994 0.00000000099999999994 0.00000000099999999994 0.99999982362535377867 
0.00000000099999999995 0.00000000099999999995 0.00000000099999999995 0.00000000099999999995 0.00000000099999999995 0.00000000099999999995 0.00000000099999999995 0.99999999300000008695 
0.00000066980187022398 0.00000000633771419090 0.02522346391976117846 0.00418588699098927913 0.00000002633559068563 0.00298082669860723565 0.00060865590588215547 0.96700046400958505899 
0.00000000099999999995 0.00000000099999999995 0.00000000099999999995 0.00000000099999999995 0.00000000099999999995 0.00000000099999999995 0.00000000099999999995 0.99999999299999997593 
0.00000000099999999995 0.00000000099999999995 0.00000000099999999995 0.00000000099999999995 0.00000000099999999995 0.00000000099999999995 0.00000000099999999995 0.99999999299999997593 
0.00000000099999999991 0.00000000099999999991 0.00000000099999999991 0.00000000099999999991 0.00000000099999999991 0.00000000099999999991 0.00000000099999999991 0.99999999300000008695 
0.00000000099999999992 0.00000000099999999992 0.00000000099999999992 0.00000000099999999992 0.00000000099999999992 0.00000000099999999992 0.00000000099999999992 0.99999999300000008695 
0.00000000099999999993 0.00000000099999999993 0.00000000099999999993 0.00000000099999999993 0.00000000099999999993 0.00000000099999999993 0.00000000099999999993 0.99999999300000008695 
0.00000000099999999993 0.00000000099999999993 0.00000000099999999993 0.00000000099999999993 0.00000000099999999993 0.00000000099999999993 0.00000000099999999993 0.99999999299999997593 
0.00000000099999999994 0.00000000099999999994 0.00000000099999999994 0.00000000099999999994 0.00000000099999999994 0.00000000099999999994 0.00000000099999999994 0.99999999300000008695 
0.00000000099999999995 0.00000000099999999995 0.00000000099999999995 0.00000000099999999995 0.00000000099999999995 0.00000000099999999995 0.00000000099999999995 0.99999999299999997593 
0.00865692759032214015 0.00000000100000000000 0.00970258244313947082 0.00000057489897094564 0.00000000100000000000 0.00002058512020774272 0.01217537054391145020 0.96944395740344824208 
0.00000000099999999990 0.00000000099999999990 0.05596827716150166998 0.00000000099999999990 0.00000000099999999990 0.67779692387997769742 0.26623479395852073237 0.00000000099999999990 
0.00000000099999999991 0.00000000099999999991 0.06779083987507311670 0.00000000099999999991 0.00000000099999999991 0.65345104429166256388 0.27875811083326418327 0.00000000099999999991 
0.00000000099999999991 0.00000000099999999991 0.07304835613865473531 0.00000000099999999991 0.00000000099999999991 0.62918107595647854158 0.29777056290486675350 0.00000000099999999991 
0.00000000099999999992 0.00000000099999999992 0.09804230399553839903 0.00000000099999999992 0.00000000099999999992 0.63507454538379415343 0.26688314562066745017 0.00000000099999999992 
0.00000000099999999991 0.00000000099999999991 0.05669964994222143756 0.00000000099999999991 0.00000000099999999991 0.66494695154147720473 0.27835339351630128402 0.00000000099999999991 
0.00000000099999999961 0.00000000099999999961 0.00000000099999999961 0.00000000099999999961 0.99999999300000008695 0.00000000099999999961 0.00000000099999999961 0.00000000099999999961 
0.00000000099999999961 0.00000000099999999961 0.00000000099999999961 0.00000000099999999961 0.99999999300000008695 0.00000000099999999961 0.00000000099999999961 0.00000000099999999961 
0.00000000099999999958 0.00000000099999999958 0.00000000099999999958 0.00000000099999999958 0.99999999300000008695 0.00000000099999999958 0.00000000099999999958 0.00000000099999999958 
0.00000000099999999957 0.00000000099999999957 0.00000000099999999957 0.00000000099999999957 0.99999999300000008695 0.00000000099999999957 0.00000000099999999957 0.00000000099999999957 
0.00000000099999999954 0.00000000099999999954 0.00000000099999999954 0.00000000099999999954 0.99999999299999997593 0.00000000099999999954 0.00000000099999999954 0.00000000099999999954 
0.00000000099999999964 0.00000000099999999964 0.00000000099999999964 0.00000000099999999964 0.99999999300000008695 0.00000000099999999964 0.00000000099999999964 0.00000000099999999964 
0.00000000099999999946 0.00000000099999999946 0.00000000099999999946 0.00000000099999999946 0.99999999300000008695 0.00000000099999999946 0.00000000099999999946 0.00000000099999999946 
0.00000000099999999959 0.00000000099999999959 0.00000000099999999959 0.00000000099999999959 0.99999999300000008695 0.00000000099999999959 0.00000000099999999959 0.00000000099999999959 
0.00000000099999999953 0.00000000099999999953 0.00000000099999999953 0.00000000099999999953 0.99999999299999997593 0.00000000099999999953 0.00000000099999999953 0.00000000099999999953 
0.00000000099999999962 0.00000000099999999962 0.00000000099999999962 0.00000000099999999962 0.99999999300000008695 0.00000000099999999962 0.00000000099999999962 0.00000000099999999962 
0.00000000099999999965 0.00000000099999999965 0.00000000099999999965 0.00000000099999999965 0.99999999299999997593 0.00000000099999999965 0.00000000099999999965 0.00000000099999999965 
0.00000000099999999960 0.00000000099999999960 0.00000000099999999960 0.00000000099999999960 0.99999999299999997593 0.00000000099999999960 0.00000000099999999960 0.00000000099999999960 
0.00000000099999999959 0.00000000099999999959 0.00000000099999999959 0.00000000099999999959 0.99999999299999997593 0.00000000099999999959 0.00000000099999999959 0.00000000099999999959 
0.00000000099999999958 0.00000000099999999958 0.00000000099999999958 0.00000000099999999958 0.99999999300000008695 0.00000000099999999958 0.00000000099999999958 0.00000000099999999958 
0.00000000099999999959 0.00000000099999999959 0.00000000099999999959 0.00000000099999999959 0.99999999300000008695 0.00000000099999999959 0.00000000099999999959 0.00000000099999999959 
0.00000000099999999963 0.00000000099999999963 0.00000000099999999963 0.00000000099999999963 0.99999999300000008695 0.00000000099999999963 0.00000000099999999963 0.00000000099999999963 
0.00000000099999999964 0.00000000099999999964 0.00000000099999999964 0.00000000099999999964 0.99999999300000008695 0.00000000099999999964 0.00000000099999999964 0.00000000099999999964 
0.00000000099999999968 0.00000000099999999968 0.00000000099999999968 0.00000000099999999968 0.99999999299999997593 0.00000000099999999968 0.00000000099999999968 0.00000000099999999968 
0.00000000099999999961 0.00000000099999999961 0.00000000099999999961 0.00000000099999999961 0.99999999300000008695 0.00000000099999999961 0.00000000099999999961 0.00000000099999999961 
0.00000000099999999959 0.00000000099999999959 0.00000000099999999959 0.00000000099999999959 0.99999999299999997593 0.00000000099999999959 0.00000000099999999959 0.00000000099999999959 
0.00000000099999999962 0.00000000099999999962 0.00000000099999999962 0.00000000099999999962 0.99999999300000008695 0.00000000099999999962 0.00000000099999999962 0.00000000099999999962 
0.00000000099999999953 0.00000000099999999953 0.00000000099999999953 0.00000000099999999953 0.99999999299999997593 0.00000000099999999953 0.00000000099999999953 0.00000000099999999953 
0.00000000099999999965 0.00000000099999999965 0.00000000099999999965 0.00000000099999999965 0.99999999300000008695 0.00000000099999999965 0.00000000099999999965 0.00000000099999999965 
0.00000000099999999960 0.00000000099999999960 0.00000000099999999960 0.00000000099999999960 0.99999999299999997593 0.00000000099999999960 0.00000000099999999960 0.00000000099999999960 
0.00000000099999999990 0.00000000099999999990 0.00000000099999999990 0.99999999299999997593 0.00000000099999999990 0.00000000099999999990 0.00000000099999999990 0.00000000099999999990 
0.00000000099999999984 0.00000000099999999984 0.00000000099999999984 0.99999999299999997593 0.00000000099999999984 0.00000000099999999984 0.00000000099999999984 0.00000000099999999984 
0.00000000099999999986 0.00000000099999999986 0.00000000099999999986 0.99999999300000008695 0.00000000099999999986 0.00000000099999999986 0.00000000099999999986 0.00000000099999999986 
0.00000000099999999993 0.00000000099999999993 0.00000000099999999993 0.99999999299999997593 0.00000000099999999993 0.00000000099999999993 0.00000000099999999993 0.00000000099999999993 
0.00000000099999999969 0.00000000099999999969 0.00000000099999999969 0.99999999300000008695 0.00000000099999999969 0.00000000099999999969 0.00000000099999999969 0.00000000099999999969 
0.00000000099999999996 0.03738762136392629470 0.00000000099999999996 0.96261237263607390968 0.00000000099999999996 0.00000000099999999996 0.00000000099999999996 0.00000000099999999996 
0.00000000099999999992 0.00000000099999999992 0.00000000099999999992 0.99999999299999997593 0.00000000099999999992 0.00000000099999999992 0.00000000099999999992 0.00000000099999999992 
0.00000000099999999992 0.00000000099999999992 0.00000000099999999992 0.99999999300000008695 0.00000000099999999992 0.00000000099999999992 0.00000000099999999992 0.00000000099999999992 
0.00000000099999999994 0.01026570531466799302 0.00000000099999999994 0.98973428868533219749 0.00000000099999999994 0.00000000099999999994 0.00000000099999999994 0.00000000099999999994 
0.00000000099999999992 0.00000000099999999992 0.00000000099999999992 0.99999999299999997593 0.00000000099999999992 0.00000000099999999992 0.00000000099999999992 0.00000000099999999992 
0.00000000099999999973 0.00000000099999999973 0.00000000099999999973 0.99999999299999997593 0.00000000099999999973 0.00000000099999999973 0.00000000099999999973 0.00000000099999999973 
0.00000000099999999997 0.00855326628538240555 0.00000000099999999997 0.99144672771461761496 0.00000000099999999997 0.00000000099999999997 0.00000000099999999997 0.00000000099999999997 
0.00000000099999999990 0.00000000099999999990 0.00000000099999999990 0.99999999299999997593 0.00000000099999999990 0.00000000099999999990 0.00000000099999999990 0.00000000099999999990 
0.00000000099999999990 0.00000000099999999990 0.00000000099999999990 0.00000000099999999990 0.00000000099999999990 0.99999999300000008695 0.00000000099999999990 0.00000000099999999990 
0.00000000099999999996 0.00000000099999999996 0.10126806998393841908 0.00000000099999999996 0.00000000099999999996 0.13532985850238390957 0.76340206651367759072 0.00000000099999999996 
0.00000000099999999994 0.00000000099999999994 0.00000000099999999994 0.00000000099999999994 0.00000000099999999994 0.99999999300000008695 0.00000000099999999994 0.00000000099999999994 
0.00000000099999999997 0.00000000099999999997 0.18310345465352212413 0.00000000099999999997 0.00000000099999999997 0.15318102006910327972 0.66371552027737457102 0.00000000099999999997 
0.00000000099999999996 0.00000000099999999996 0.16352865658792917203 0.00000000099999999996 0.00000000099999999996 0.18358832019952295300 0.65288301821254790536 0.00000000099999999996 
0.00000000099999999991 0.00000000099999999991 0.00000000099999999991 0.00000000099999999991 0.00000000099999999991 0.99999999299999997593 0.00000000099999999991 0.00000000099999999991 
0.00000000099999999988 0.00000000099999999988 0.00000000099999999988 0.00000000099999999988 0.00000000099999999988 0.99999999300000008695 0.00000000099999999988 0.00000000099999999988 
0.00000000099999999996 0.00000000099999999996 0.16367414288274453882 0.00000000099999999996 0.00000000099999999996 0.17736939112027141907 0.65895646099698401699 0.00000000099999999996 
0.00000000099999999993 0.00000000099999999993 0.00000000099999999993 0.00000000099999999993 0.00000000099999999993 0.99999999300000008695 0.00000000099999999993 0.00000000099999999993 
0.00000000099999999993 0.00000000099999999993 0.00000000099999999993 0.00000000099999999993 0.00000000099999999993 0.99999999299999997593 0.00000000099999999993 0.00000000099999999993 
0.00000000099999999994 0.00000000099999999994 0.00000000099999999994 0.00000000099999999994 0.00000000099999999994 0.99999999299999997593 0.00000000099999999994 0.00000000099999999994 
0.00000000099999999992 0.00000000099999999992 0.00000000099999999992 0.00000000099999999992 0.00000000099999999992 0.99999999300000008695 0.00000000099999999992 0.00000000099999999992 
0.00000000099999999994 0.00000000099999999994 0.00000000099999999994 0.00000000099999999994 0.00000000099999999994 0.99999999299999997593 0.00000000099999999994 0.00000000099999999994 
0.00000000099999999996 0.00000000099999999996 0.00000000099999999996 0.00000000099999999996 0.00000000099999999996 0.99999999300000008695 0.00000000099999999996 0.00000000099999999996 
0.00000000099999999994 0.00000000099999999994 0.00000000099999999994 0.00000000099999999994 0.00000000099999999994 0.99999999299999997593 0.00000000099999999994 0.00000000099999999994 
0.00000222647032584150 0.00136667114163996676 0.10129270392547595758 0.00043894356142169534 0.00000005845296612471 0.13202858961364077883 0.73860896043765711383 0.02626184639687257835 
0.00000000099999999992 0.00000000099999999992 0.00000000099999999992 0.00000000099999999992 0.00000000099999999992 0.99999999300000008695 0.00000000099999999992 0.00000000099999999992 
0.00000000099999999993 0.00000000099999999993 0.00000000099999999993 0.00000000099999999993 0.00000000099999999993 0.99999999300000008695 0.00000000099999999993 0.00000000099999999993 
0.00000000099999999982 0.00000000099999999982 0.99999999299999997593 0.00000000099999999982 0.00000000099999999982 0.00000000099999999982 0.00000000099999999982 0.00000000099999999982 
0.00000000099999999989 0.00000000099999999989 0.88987886347918199181 0.00000000099999999989 0.00000000099999999989 0.00000000099999999989 0.11012113052081810849 0.00000000099999999989 
0.00000000099999999972 0.00000000099999999972 0.99999999299999997593 0.00000000099999999972 0.00000000099999999972 0.00000000099999999972 0.00000000099999999972 0.00000000099999999972 
0.00000000099999999990 0.00000000099999999990 0.70629611943336723101 0.00000000099999999990 0.00000000099999999990 0.00000000099999999990 0.29370387456663282766 0.00000000099999999990 
0.00000000099999999979 0.00000000099999999979 0.99999999300000008695 0.00000000099999999979 0.00000000099999999979 0.00000000099999999979 0.00000000099999999979 0.00000000099999999979 
0.00000000099999999981 0.00000000099999999981 0.99999999300000008695 0.00000000099999999981 0.00000000099999999981 0.00000000099999999981 0.00000000099999999981 0.00000000099999999981 
0.00000000099999999990 0.00000000099999999990 0.49322566351872615398 0.00000000099999999990 0.00000000099999999990 0.00000000099999999990 0.50677433048127362714 0.00000000099999999990 
0.00000000099999999972 0.00000000099999999972 0.99999999299999997593 0.00000000099999999972 0.00000000099999999972 0.00000000099999999972 0.00000000099999999972 0.00000000099999999972 
0.00000000099999999985 0.00000000099999999985 0.99999999300000008695 0.00000000099999999985 0.00000000099999999985 0.00000000099999999985 0.00000000099999999985 0.00000000099999999985 
0.00000000099999999975 0.00000000099999999975 0.99999999300000008695 0.00000000099999999975 0.00000000099999999975 0.00000000099999999975 0.00000000099999999975 0.00000000099999999975 
0.00000000099999999972 0.00000000099999999972 0.99999999300000008695 0.00000000099999999972 0.00000000099999999972 0.00000000099999999972 0.00000000099999999972 0.00000000099999999972 
0.00000000099999999975 0.00000000099999999975 0.99999999300000008695 0.00000000099999999975 0.00000000099999999975 0.00000000099999999975 0.00000000099999999975 0.00000000099999999975 
0.00000000099999999978 0.00000000099999999978 0.99999999299999997593 0.00000000099999999978 0.00000000099999999978 0.00000000099999999978 0.00000000099999999978 0.00000000099999999978 
0.00000000099999999965 0.00000000099999999965 0.99999999300000008695 0.00000000099999999965 0.00000000099999999965 0.00000000099999999965 0.00000000099999999965 0.00000000099999999965 
0.00000000099999999979 0.00000000099999999979 0.99999999300000008695 0.00000000099999999979 0.00000000099999999979 0.00000000099999999979 0.00000000099999999979 0.00000000099999999979 
0.00000000099999999983 0.00000000099999999983 0.99999999299999997593 0.00000000099999999983 0.00000000099999999983 0.00000000099999999983 0.00000000099999999983 0.00000000099999999983 
0.00000000099999999974 0.00000000099999999974 0.00000000099999999974 0.00000000099999999974 0.00000000099999999974 0.00000000099999999974 0.99999999299999986491 0.00000000099999999974 
0.00000000099999999969 0.00000000099999999969 0.00000000099999999969 0.00000000099999999969 0.00000000099999999969 0.00000000099999999969 0.99999999299999997593 0.00000000099999999969 
0.00000000099999999981 0.00000000099999999981 0.10733697944713554984 0.00000000099999999981 0.00000000099999999981 0.00000000099999999981 0.89266301455286445332 0.00000000099999999981 
0.00000000099999999984 0.00000000099999999984 0.23512607535262108893 0.00000000099999999984 0.00000000099999999984 0.00000000099999999984 0.76487391864737885872 0.00000000099999999984 
0.00000000099999999992 0.00000000099999999992 0.16607673897312055789 0.00000000099999999992 0.00000000099999999992 0.00000000099999999992 0.83392325502687947303 0.00000000099999999992 
0.00000000099999999986 0.00000000099999999986 0.15634525006446944873 0.00000000099999999986 0.00000000099999999986 0.00000000099999999986 0.84365474393553063770 0.00000000099999999986 
0.00000000099999999999 0.00000000099999999999 0.48249675912401135403 0.00000004836383018076 0.00000000099999999999 0.02142928131624466728 0.49607390643218240989 0.00000000176373146705 
0.00000006165004780105 0.00000052351269631403 0.38088729107485136405 0.00186161638487605829 0.00000089857581880622 0.00235612580800656328 0.58650300342433692169 0.02839047956936623096 
0.00002746351786294044 0.00165627326838513247 0.41401498362740352110 0.01750702636403514423 0.00000015355829049984 0.03215786924391751678 0.44653114208583177813 0.08810508833427325992 
0.00000000099999999994 0.00000000099999999994 0.36080572180538073024 0.00000000099999999994 0.00000000099999999994 0.00000000099999999994 0.63919427219461921741 0.00000000099999999994 
0.00000000099999999992 0.00000000099999999992 0.40229599791221631877 0.00000000099999999992 0.00000000099999999992 0.00000000099999999992 0.59770399608778357337 0.00000000099999999992 
0.00000000099999999995 0.00000000099999999995 0.40894117632623167014 0.00000000099999999995 0.00000000099999999995 0.00000000099999999995 0.59105881767376833302 0.00000000099999999995 
0.00000000099999999986 0.00000000099999999986 0.11906360935455305439 0.00000000099999999986 0.00000000099999999986 0.00000000099999999986 0.88093638464544687938 0.00000000099999999986 
0.00000000099999999986 0.00000000099999999986 0.18253320334459646745 0.00000000099999999986 0.00000000099999999986 0.00000000099999999986 0.81746679065540339693 0.00000000099999999986 
0.00000000099999999988 0.00000000099999999988 0.24388815248920697742 0.00000000099999999988 0.00000000099999999988 0.00000000099999999988 0.75611184151079302573 0.00000000099999999988 
0.00000000099999999982 0.00000000099999999982 0.09564354339055808341 0.00000000099999999982 0.00000000099999999982 0.00000000099999999982 0.90435645060944191975 0.00000000099999999982 
0.00000000099999999990 0.00000000099999999990 0.15557642386964437575 0.00000000099999999990 0.00000000099999999990 0.00000000099999999990 0.84442357013035562741 0.00000000099999999990 
0.00000000099999999984 0.00000000099999999984 0.00004883576581220897 0.00000000099999999984 0.00000000099999999984 0.00000000099999999984 0.99995115823418789791 0.00000000099999999984 
0.00000000099999999985 0.00000000099999999985 0.14922001224117537044 0.00000000099999999985 0.00000000099999999985 0.00000000099999999985 0.85077998175882463272 0.00000000099999999985 
0.00000000099999999983 0.00000000099999999983 0.09198878940265134418 0.00000000099999999983 0.00000000099999999983 0.00000000099999999983 0.90801120459734852020 0.00000000099999999983 
0.00000000099999999987 0.00000000099999999987 0.14711670786544600587 0.00000000099999999987 0.00000000099999999987 0.00000000099999999987 0.85288328613455388627 0.00000000099999999987 
0.00000000099999999985 0.00000000099999999985 0.16309154271466563824 0.00000000099999999985 0.00000000099999999985 0.00000000099999999985 0.83690845128533419839 0.00000000099999999985 
0.00000000099999999987 0.00000000099999999987 0.13283774526691230489 0.00000000099999999987 0.00000000099999999987 0.00000000099999999987 0.86716224873308767052 0.00000000099999999987 
0.00000000099999999992 0.00000000099999999992 0.13516777812830865768 0.00000000099999999992 0.00000000099999999992 0.00000000099999999992 0.86483221587169134548 0.00000000099999999992 
0.00000000099999999990 0.00000000099999999990 0.14053730889786408831 0.00000000099999999990 0.00000000099999999990 0.00000000099999999990 0.85946268510213574832 0.00000000099999999990 
0.00000000099999999991 0.00000000099999999991 0.12246155381332099465 0.00000000099999999991 0.00000000099999999991 0.00000000099999999991 0.87753844018667892524 0.00000000099999999991 
0.00000000099999999989 0.00000000099999999989 0.12886635216195974074 0.00000000099999999989 0.00000000099999999989 0.00000000099999999989 0.87113364183804031793 0.00000000099999999989 
0.00000000099999999995 0.00000000099999999995 0.12863877175770044303 0.00000000099999999995 0.00000000099999999995 0.00000000099999999995 0.87136122224229961564 0.00000000099999999995 
0.00000000099999999991 0.00000000099999999991 0.12378847298189384063 0.00000000099999999991 0.00000000099999999991 0.00000000282984844020 0.87621151918825757043 0.00000000099999999991 
0.00000000099999999986 0.00000000099999999986 0.15823375223484170693 0.00000000099999999986 0.00000000099999999986 0.00000000129124660176 0.84176624147391165831 0.00000000099999999986 
0.00000000099999999984 0.00000000099999999984 0.00003586747044912028 0.00000000099999999984 0.00000000099999999984 0.00000000099999999984 0.99996412652955080080 0.00000000099999999984 
0.00000000099999999986 0.00000000099999999986 0.17422386615367407847 0.00000000099999999986 0.00000000099999999986 0.00000000099999999986 0.82577612784632592469 0.00000000099999999986 
0.00000000099999999982 0.00000000099999999982 0.12959992489952024131 0.00000000099999999982 0.00000000099999999982 0.00000000099999999982 0.87040006910047962307 0.00000000099999999982 
0.00000000099999999981 0.00000000099999999981 0.11101061932540060018 0.00000000099999999981 0.00000000099999999981 0.00000000099999999981 0.88898937467459937523 0.00000000099999999981 
0.00000000099999999986 0.00000000099999999986 0.17570515572949910177 0.00000000099999999986 0.00000000099999999986 0.00000000099999999986 0.82429483827050087363 0.00000000099999999986 
0.00000000099999999983 0.00000000099999999983 0.16805142197093067558 0.00000000099999999983 0.00000000099999999983 0.00000000099999999983 0.83194857202906924432 0.00000000099999999983 
0.00000000099999999986 0.00000000099999999986 0.15087242376479609307 0.00000000099999999986 0.00000000099999999986 0.00000000099999999986 0.84912757023520391009 0.00000000099999999986 
0.00000000099999999990 0.00000000099999999990 0.14030634721163648404 0.00000000099999999990 0.00000000099999999990 0.00000000099999999990 0.85969364678836335258 0.00000000099999999990 
0.00000000099999999989 0.00000000099999999989 0.19409870750515717530 0.00000000099999999989 0.00000000099999999989 0.00000000099999999989 0.80590128649484293888 0.00000000099999999989 
0.00000000099999999990 0.00000000099999999990 0.10179656832192487959 0.00000000099999999990 0.00000000099999999990 0.00000000099999999990 0.89820342567807509582 0.00000000099999999990 
0.00000000099999999982 0.00000000099999999982 0.12668673031544072649 0.00000000099999999982 0.00000000099999999982 0.00000000099999999982 0.87331326368455919340 0.00000000099999999982 
0.00000000099999999996 0.00000000099999999996 0.17509296684173533687 0.00000000099999999996 0.00000000099999999996 0.00000002047536452683 0.82490700768290015077 0.00000000099999999996 
0.00000000099999999986 0.00000000099999999986 0.12620134711163524810 0.00000000099999999986 0.00000000099999999986 0.00000000099999999986 0.87379864688836461628 0.00000000099999999986 
0.00000000099999999987 0.00000000099999999987 0.12125532937316761684 0.00000000099999999987 0.00000000099999999987 0.02203671223581317798 0.85670795339101912802 0.00000000099999999987 
0.00000000099999999983 0.00000000099999999983 0.12159169980035365588 0.00000000099999999983 0.00000000099999999983 0.00000000099999999983 0.87840829419964616687 0.00000000099999999983 
0.00000000099999999988 0.00000000099999999988 0.16923250622820776301 0.00000000099999999988 0.00000000099999999988 0.00000000099999999988 0.83076748777179210137 0.00000000099999999988 
0.00000000099999999988 0.00000000099999999988 0.16755740328802198880 0.00000000099999999988 0.00000000099999999988 0.00000000099999999988 0.83244259071197801436 0.00000000099999999988 
0.00000000099999999987 0.00000000099999999987 0.15740931931131899035 0.00000000099999999987 0.00000000099999999987 0.00000000099999999987 0.84259067468868098505 0.00000000099999999987 
0.00000000099999999987 0.00000000099999999987 0.12712643688601393821 0.00000000099999999987 0.00000000099999999987 0.00000000099999999987 0.87287355711398595393 0.00000000099999999987 
0.00000000099999999990 0.00000000099999999990 0.12235104178364138161 0.00000000099999999990 0.00000000099999999990 0.00000000099999999990 0.87764895221635863543 0.00000000099999999990 
0.00000000099999999983 0.00000000099999999983 0.17076593882519858214 0.00000000099999999983 0.00000000099999999983 0.00000000099999999983 0.82923405517480142102 0.00000000099999999983 
0.00000000099999999994 0.00000000099999999994 0.14148135774692441324 0.00000000099999999994 0.00000000099999999994 0.00000000099999999994 0.85851863625307545114 0.00000000099999999994 
0.00000000099999999984 0.00000000099999999984 0.14521769468156067728 0.00000000099999999984 0.00000000099999999984 0.00000000099999999984 0.85478229931843940914 0.00000000099999999984 
0.00000000099999999985 0.00000000099999999985 0.20398269931711088265 0.00000000099999999985 0.00000000099999999985 0.00000000099999999985 0.79601729468288906499 0.00000000099999999985 
0.00000000099999999998 0.00000000099999999998 0.07762036506054967311 0.00000000099999999998 0.00000000099999999998 0.00000000099999999998 0.92237962893945035781 0.00000000099999999998 
0.00000000099999999994 0.00000000099999999994 0.12716096600057433252 0.00000000099999999994 0.00000000099999999994 0.00000000099999999994 0.87283902799942558737 0.00000000099999999994 
0.99999999300000019797 0.00000000099999999964 0.00000000099999999964 0.00000000099999999964 0.00000000099999999964 0.00000000099999999964 0.00000000099999999964 0.00000000099999999964 
0.99999999300000019797 0.00000000099999999965 0.00000000099999999965 0.00000000099999999965 0.00000000099999999965 0.00000000099999999965 0.00000000099999999965 0.00000000099999999965 
0.99999999300000019797 0.00000000099999999973 0.00000000099999999973 0.00000000099999999973 0.00000000099999999973 0.00000000099999999973 0.00000000099999999973 0.00000000099999999973 
0.99999999300000008695 0.00000000099999999969 0.00000000099999999969 0.00000000099999999969 0.00000000099999999969 0.00000000099999999969 0.00000000099999999969 0.00000000099999999969 
0.99999999300000008695 0.00000000099999999963 0.00000000099999999963 0.00000000099999999963 0.00000000099999999963 0.00000000099999999963 0.00000000099999999963 0.00000000099999999963 
0.99999999300000008695 0.00000000099999999969 0.00000000099999999969 0.00000000099999999969 0.00000000099999999969 0.00000000099999999969 0.00000000099999999969 0.00000000099999999969 
0.99999999300000019797 0.00000000099999999970 0.00000000099999999970 0.00000000099999999970 0.00000000099999999970 0.00000000099999999970 0.00000000099999999970 0.00000000099999999970 
0.99999999300000019797 0.00000000099999999977 0.00000000099999999977 0.00000000099999999977 0.00000000099999999977 0.00000000099999999977 0.00000000099999999977 0.00000000099999999977 
0.99999999300000008695 0.00000000099999999972 0.00000000099999999972 0.00000000099999999972 0.00000000099999999972 0.00000000099999999972 0.00000000099999999972 0.00000000099999999972 
0.99999999300000019797 0.00000000099999999965 0.00000000099999999965 0.00000000099999999965 0.00000000099999999965 0.00000000099999999965 0.00000000099999999965 0.00000000099999999965 
0.99999999300000019797 0.00000000099999999961 0.00000000099999999961 0.00000000099999999961 0.00000000099999999961 0.00000000099999999961 0.00000000099999999961 0.00000000099999999961 
0.99999999300000008695 0.00000000099999999962 0.00000000099999999962 0.00000000099999999962 0.00000000099999999962 0.00000000099999999962 0.00000000099999999962 0.00000000099999999962 
0.99999999300000008695 0.00000000099999999971 0.00000000099999999971 0.00000000099999999971 0.00000000099999999971 0.00000000099999999971 0.00000000099999999971 0.00000000099999999971 
0.99999999300000019797 0.00000000099999999962 0.00000000099999999962 0.00000000099999999962 0.00000000099999999962 0.00000000099999999962 0.00000000099999999962 0.00000000099999999962 
0.99999999300000008695 0.00000000099999999959 0.00000000099999999959 0.00000000099999999959 0.00000000099999999959 0.00000000099999999959 0.00000000099999999959 0.00000000099999999959 
0.99999999300000008695 0.00000000099999999965 0.00000000099999999965 0.00000000099999999965 0.00000000099999999965 0.00000000099999999965 0.00000000099999999965 0.00000000099999999965 
0.99999999300000019797 0.00000000099999999967 0.00000000099999999967 0.00000000099999999967 0.00000000099999999967 0.00000000099999999967 0.00000000099999999967 0.00000000099999999967 
0.99999999300000019797 0.00000000099999999963 0.00000000099999999963 0.00000000099999999963 0.00000000099999999963 0.00000000099999999963 0.00000000099999999963 0.00000000099999999963 
0.99999999300000008695 0.00000000099999999968 0.00000000099999999968 0.00000000099999999968 0.00000000099999999968 0.00000000099999999968 0.00000000099999999968 0.00000000099999999968 
0.00000000099999999909 0.99999999300000019797 0.00000000099999999909 0.00000000099999999909 0.00000000099999999909 0.00000000099999999909 0.00000000099999999909 0.00000000099999999909 
0.00000000099999999915 0.99999999300000008695 0.00000000099999999915 0.00000000099999999915 0.00000000099999999915 0.00000000099999999915 0.00000000099999999915 0.00000000099999999915 
0.00000000099999999920 0.99999999300000019797 0.00000000099999999920 0.00000000099999999920 0.00000000099999999920 0.00000000099999999920 0.00000000099999999920 0.00000000099999999920 
0.00000000099999999926 0.99999999300000008695 0.00000000099999999926 0.00000000099999999926 0.00000000099999999926 0.00000000099999999926 0.00000000099999999926 0.00000000099999999926 
0.00000000099999999992 0.00000000099999999992 0.00000000099999999992 0.00000000099999999992 0.00000000099999999992 0.99999999299999997593 0.00000000099999999992 0.00000000099999999992 
0.00000000099999999989 0.00000000099999999989 0.00000000099999999989 0.00000000099999999989 0.00000000099999999989 0.99999999300000008695 0.00000000099999999989 0.00000000099999999989 
0.00000000099999999996 0.00000000099999999996 0.00000000099999999996 0.00000000099999999996 0.00000000099999999996 0.99999999300000008695 0.00000000099999999996 0.00000000099999999996 
0.00000000099999999991 0.00000000099999999991 0.00000000099999999991 0.00000000099999999991 0.00000000099999999991 0.99999999299999997593 0.00000000099999999991 0.00000000099999999991 
0.00000000099999999984 0.00000000099999999984 0.00000000099999999984 0.00000000099999999984 0.00000000099999999984 0.99999999300000008695 0.00000000099999999984 0.00000000099999999984 
0.00000000099999999989 0.00000000099999999989 0.00000000099999999989 0.00000000099999999989 0.00000000099999999989 0.99999999299999997593 0.00000000099999999989 0.00000000099999999989 
0.00000001921353332240 0.00012075755385569996 0.00000000566843064204 0.00001339053785213258 0.02449766040539553755 0.97534340798437835218 0.00000010514684066317 0.00002465348971362277 
0.00000000099999999994 0.00000000099999999994 0.00000000099999999994 0.00000000099999999994 0.00000000099999999994 0.99999999300000008695 0.00000000099999999994 0.00000000099999999994 
0.00000000099999999993 0.00000000099999999993 0.00000000099999999993 0.00000000099999999993 0.00000000099999999993 0.99999999300000008695 0.00000000099999999993 0.00000000099999999993 
0.00000000099999999999 0.00000000099999999999 0.00000129619943149816 0.00000000775387252610 0.00000000099999999999 0.99999855046928931568 0.00000013308297368603 0.00000000949443307113 
