0.00000000099999999988 0.00000000099999999988 0.00000000099999999988 0.00000000099999999988 0.99999999300000008695 0.00000000099999999988 0.00000000099999999988 0.00000000099999999988 
0.43559429753617323611 0.00000000099999999995 0.00000000099999999995 0.00000000099999999995 0.56440569646382654501 0.00000000099999999995 0.00000000099999999995 0.00000000099999999995 
0.26793376246963701570 0.00000000099999999994 0.00000000099999999994 0.00000000099999999994 0.73206623153036298746 0.00000000099999999994 0.00000000099999999994 0.00000000099999999994 
0.48612731052799790232 0.00000000099999999992 0.00000000099999999992 0.00000000099999999992 0.51387268347200198981 0.00000000099999999992 0.00000000099999999992 0.00000000099999999992 
0.37875290532329614068 0.00000000099999999993 0.00000000099999999993 0.00000000099999999993 0.62124708867670375145 0.00000000099999999993 0.00000000099999999993 0.00000000099999999993 
0.23407749070996808349 0.00000000099999999994 0.00000000099999999994 0.00000000099999999994 0.76592250329003186415 0.00000000099999999994 0.00000000099999999994 0.00000000099999999994 
0.00000000099999999990 0.00000000099999999990 0.00000000099999999990 0.00000000099999999990 0.99999999300000008695 0.00000000099999999990 0.00000000099999999990 0.00000000099999999990 
0.00001353465634684860 0.00000000099999999990 0.00000000099999999990 0.00000000099999999990 0.99998645934365315568 0.00000000099999999990 0.00000000099999999990 0.00000000099999999990 
0.29122150633626336935 0.00000000099999999994 0.00000000099999999994 0.00000000099999999994 0.70877848766373663381 0.00000000099999999994 0.00000000099999999994 0.00000000099999999994 
0.26777590782711074846 0.00000000099999999995 0.00000000099999999995 0.00000000099999999995 0.73222408617288914368 0.00000000099999999995 0.00000000099999999995 0.00000000099999999995 
0.00000000099999999988 0.00000000099999999988 0.00000000099999999988 0.00000000099999999988 0.99999999300000008695 0.00000000099999999988 0.00000000099999999988 0.00000000099999999988 
0.00000000099999999988 0.00000000099999999988 0.00000000099999999988 0.00000000099999999988 0.99999999300000008695 0.00000000099999999988 0.00000000099999999988 0.00000000099999999988 
0.47481532991874408900 0.00000000099999999994 0.00000000099999999994 0.00000000099999999994 0.52518466408125596967 0.00000000099999999994 0.00000000099999999994 0.00000000099999999994 
0.25213453945359248776 0.00000000099999999992 0.00000000099999999992 0.00000000099999999992 0.74786545454640740438 0.00000000099999999992 0.00000000099999999992 0.00000000099999999992 
0.45803244991017927346 0.00000000099999999992 0.00000000099999999992 0.00000000099999999992 0.54196754408982050766 0.00000000099999999992 0.00000000099999999992 0.00000000099999999992 
0.42631046899263708161 0.00000000099999999993 0.00000000099999999993 0.00000000099999999993 0.57368952500736281053 0.00000000099999999993 0.00000000099999999993 0.00000000099999999993 
0.00000000099999999991 0.00000000099999999991 0.00000000099999999991 0.00000000099999999991 0.99999999300000008695 0.00000000099999999991 0.00000000099999999991 0.00000000099999999991 
0.00000000099999999990 0.00000000099999999990 0.00000000099999999990 0.00000000099999999990 0.99999999300000008695 0.00000000099999999990 0.00000000099999999990 0.00000000099999999990 
0.43353359325341933594 0.00000000099999999994 0.00000000099999999994 0.00000000099999999994 0.56646640074658061170 0.00000000099999999994 0.00000000099999999994 0.00000000099999999994 
0.26708069840447062893 0.00000000099999999994 0.00000000099999999994 0.00000000099999999994 0.73291929559552915219 0.00000000099999999994 0.00000000099999999994 0.00000000099999999994 
0.13750217467747385958 0.00000000099999999997 0.00000000099999999997 0.00000000099999999997 0.86249781932252611583 0.00000000099999999997 0.00000000099999999997 0.00000000099999999997 
0.42134273751087614190 0.00000000099999999992 0.00000000099999999992 0.00000000099999999992 0.57865725648912380574 0.00000000099999999992 0.00000000099999999992 0.00000000099999999992 
0.29780612711044168739 0.00000000099999999998 0.00000000099999999998 0.00000000099999999998 0.70219386688955831577 0.00000000099999999998 0.00000000099999999998 0.00000000099999999998 
0.46949855725233524684 0.00000000099999999993 0.00000000099999999993 0.00000000099999999993 0.53050143674766458979 0.00000000099999999993 0.00000000099999999993 0.00000000099999999993 
0.35781583440767722459 0.00000000099999999994 0.00000000099999999994 0.00000000099999999994 0.64218415959232266754 0.00000000099999999994 0.00000000099999999994 0.00000000099999999994 
0.43934118250494630376 0.00000000099999999997 0.00000000099999999997 0.00000000099999999997 0.56065881149505358838 0.00000000099999999997 0.00000000099999999997 0.00000000099999999997 
0.44042382356043424663 0.00000000099999999992 0.00000000099999999992 0.00000000099999999992 0.55957617043956564551 0.00000000099999999992 0.00000000099999999992 0.00000000099999999992 
0.99999999300000019797 0.00000000099999999983 0.00000000099999999983 0.00000000099999999983 0.00000000099999999983 0.00000000099999999983 0.00000000099999999983 0.00000000099999999983 
0.35494768038224244755 0.00000000099999999998 0.00000000099999999998 0.00000000099999999998 0.64505231361775738907 0.00000000099999999998 0.00000000099999999998 0.00000000099999999998 
0.43359800414447802197 0.00000000099999999995 0.00000000099999999995 0.00000000099999999995 0.56640198985552192568 0.00000000099999999995 0.00000000099999999995 0.00000000099999999995 
0.00000000099999999988 0.00000000099999999988 0.00000000099999999988 0.00000000099999999988 0.99999999299999997593 0.00000000099999999988 0.00000000099999999988 0.00000000099999999988 
0.46282103261570145536 0.00000000099999999994 0.00000000099999999994 0.00000000099999999994 0.53717896138429843678 0.00000000099999999994 0.00000000099999999994 0.00000000099999999994 
0.48383115169283941182 0.00000000099999999993 0.00000000099999999993 0.00000000099999999993 0.51616884230716042481 0.00000000099999999993 0.00000000099999999993 0.00000000099999999993 
0.23954259804338010054 0.00000000099999999999 0.00000000099999999999 0.00000000099999999999 0.76045739595661976384 0.00000000099999999999 0.00000000099999999999 0.00000000099999999999 
0.30020971327566853271 0.00000000099999999994 0.00000000099999999994 0.00000000099999999994 0.69979028072433124841 0.00000000099999999994 0.00000000099999999994 0.00000000099999999994 
0.00000000099999999989 0.00000000099999999989 0.00000000099999999989 0.00000000099999999989 0.99999999299999997593 0.00000000099999999989 0.00000000099999999989 0.00000000099999999989 
0.99999999300000019797 0.00000000099999999980 0.00000000099999999980 0.00000000099999999980 0.00000000099999999980 0.00000000099999999980 0.00000000099999999980 0.00000000099999999980 
0.99999999300000008695 0.00000000099999999983 0.00000000099999999983 0.00000000099999999983 0.00000000099999999983 0.00000000099999999983 0.00000000099999999983 0.00000000099999999983 
0.46334811570364220490 0.00000000099999999993 0.00000000099999999993 0.00000000099999999993 0.53665187829635763173 0.00000000099999999993 0.00000000099999999993 0.00000000099999999993 
0.42066148938921449352 0.00000000099999999994 0.00000000099999999994 0.00000000099999999994 0.57933850461078539862 0.00000000099999999994 0.00000000099999999994 0.00000000099999999994 
0.28619204025579253470 0.00000000099999999996 0.00000000099999999996 0.00000000099999999996 0.71380795374420735744 0.00000000099999999996 0.00000000099999999996 0.00000000099999999996 
0.00111180119584540428 0.02205212849972196243 0.00102017211227227130 0.00000000434391202739 0.97581550723427534777 0.00000038461397301868 0.00000000100000000000 0.00000000100000000000 
0.22743491711846394732 0.00000000099999999996 0.00000000099999999996 0.00000000099999999996 0.77256507688153608360 0.00000000099999999996 0.00000000099999999996 0.00000000099999999996 
0.00000000099999999992 0.00000000099999999992 0.00000000099999999992 0.00000000099999999992 0.99999999299999997593 0.00000000099999999992 0.00000000099999999992 0.00000000099999999992 
0.00000000099999999987 0.00000000099999999987 0.00000000099999999987 0.00000000099999999987 0.99999999300000008695 0.00000000099999999987 0.00000000099999999987 0.00000000099999999987 
0.20344594176231789451 0.00000000099999999992 0.00000000099999999992 0.00000000099999999992 0.79655405223768216416 0.00000000099999999992 0.00000000099999999992 0.00000000099999999992 
0.20126964012387421610 0.00000000099999999993 0.00000000099999999993 0.00000000099999999993 0.79873035387612567604 0.00000000099999999993 0.00000000099999999993 0.00000000099999999993 
0.19520131362998935365 0.00000000099999999993 0.00000000099999999993 0.00000000099999999993 0.80479868037001067727 0.00000000099999999993 0.00000000099999999993 0.00000000099999999993 
0.38899166284840808183 0.00000000099999999995 0.00000000099999999995 0.00000000099999999995 0.61100833115159169928 0.00000000099999999995 0.00000000099999999995 0.00000000099999999995 
0.19211669543802198379 0.00000000099999999995 0.00000000099999999995 0.00000000099999999995 0.80788329856197815815 0.00000000099999999995 0.00000000099999999995 0.00000000099999999995 
0.00000000137755489518 0.01981058152641523504 0.00000000100000000000 0.00000003981257956968 0.98018937328345034921 0.00000000100000000000 0.00000000100000000000 0.00000000100000000000 
0.00000000099999999990 0.05443363806604610555 0.67778017977092297475 0.26778617716303110274 0.00000000099999999990 0.00000000099999999990 0.00000000099999999990 0.00000000099999999990 
0.00000000099999999991 0.06664439078211058243 0.65340601598253134075 0.27994958823535803782 0.00000000099999999991 0.00000000099999999991 0.00000000099999999991 0.00000000099999999991 
0.00000000099999999991 0.07197209703208778953 0.62915849737769380390 0.29886940059021854799 0.00000000099999999991 0.00000000099999999991 0.00000000099999999991 0.00000000099999999991 
0.00000000099999999992 0.09699970639975277753 0.63504433887452416130 0.26795594972572317483 0.00000000099999999992 0.00000000099999999992 0.00000000099999999992 0.00000000099999999992 
0.00000000099999999991 0.05522313405835673622 0.66493411173045913198 0.27984274921118418300 0.00000000099999999991 0.00000000099999999991 0.00000000099999999991 0.00000000099999999991 
0.00000000099999999957 0.00000000099999999957 0.00000000099999999957 0.00000000099999999957 0.00000000099999999957 0.00000000099999999957 0.00000000099999999957 0.99999999300000008695 
0.00000000099999999956 0.00000000099999999956 0.00000000099999999956 0.00000000099999999956 0.00000000099999999956 0.00000000099999999956 0.00000000099999999956 0.99999999299999997593 
0.00000000099999999955 0.00000000099999999955 0.00000000099999999955 0.00000000099999999955 0.00000000099999999955 0.00000000099999999955 0.00000000099999999955 0.99999999299999997593 
0.00000000099999999954 0.00000000099999999954 0.00000000099999999954 0.00000000099999999954 0.00000000099999999954 0.00000000099999999954 0.00000000099999999954 0.99999999300000008695 
0.00000000099999999951 0.00000000099999999951 0.00000000099999999951 0.00000000099999999951 0.00000000099999999951 0.00000000099999999951 0.00000000099999999951 0.99999999300000008695 
0.00000000099999999961 0.00000000099999999961 0.00000000099999999961 0.00000000099999999961 0.00000000099999999961 0.00000000099999999961 0.00000000099999999961 0.99999999300000008695 
0.00000000099999999943 0.00000000099999999943 0.00000000099999999943 0.00000000099999999943 0.00000000099999999943 0.00000000099999999943 0.00000000099999999943 0.99999999299999997593 
0.00000000099999999956 0.00000000099999999956 0.00000000099999999956 0.00000000099999999956 0.00000000099999999956 0.00000000099999999956 0.00000000099999999956 0.99999999299999997593 
0.00000000099999999949 0.00000000099999999949 0.00000000099999999949 0.00000000099999999949 0.00000000099999999949 0.00000000099999999949 0.00000000099999999949 0.99999999299999997593 
0.00000000099999999959 0.00000000099999999959 0.00000000099999999959 0.00000000099999999959 0.00000000099999999959 0.00000000099999999959 0.00000000099999999959 0.99999999299999997593 
0.00000000099999999962 0.00000000099999999962 0.00000000099999999962 0.00000000099999999962 0.00000000099999999962 0.00000000099999999962 0.00000000099999999962 0.99999999299999997593 
0.00000000099999999956 0.00000000099999999956 0.00000000099999999956 0.00000000099999999956 0.00000000099999999956 0.00000000099999999956 0.00000000099999999956 0.99999999299999997593 
0.00000000099999999955 0.00000000099999999955 0.00000000099999999955 0.00000000099999999955 0.00000000099999999955 0.00000000099999999955 0.00000000099999999955 0.99999999300000008695 
0.00000000099999999954 0.00000000099999999954 0.00000000099999999954 0.00000000099999999954 0.00000000099999999954 0.00000000099999999954 0.00000000099999999954 0.99999999299999997593 
0.00000000099999999955 0.00000000099999999955 0.00000000099999999955 0.00000000099999999955 0.00000000099999999955 0.00000000099999999955 0.00000000099999999955 0.99999999300000008695 
0.00000000099999999961 0.00000000099999999961 0.00000000099999999961 0.00000000099999999961 0.00000000099999999961 0.00000000099999999961 0.00000000099999999961 0.99999999300000008695 
0.00000000099999999961 0.00000000099999999961 0.00000000099999999961 0.00000000099999999961 0.00000000099999999961 0.00000000099999999961 0.00000000099999999961 0.99999999300000008695 
0.00000000099999999967 0.00000000099999999967 0.00000000099999999967 0.00000000099999999967 0.00000000099999999967 0.00000000099999999967 0.00000000099999999967 0.99999999299999997593 
0.00000000099999999958 0.00000000099999999958 0.00000000099999999958 0.00000000099999999958 0.00000000099999999958 0.00000000099999999958 0.00000000099999999958 0.99999999299999997593 
0.00000000099999999954 0.00000000099999999954 0.00000000099999999954 0.00000000099999999954 0.00000000099999999954 0.00000000099999999954 0.00000000099999999954 0.99999999300000008695 
0.00000000099999999958 0.00000000099999999958 0.00000000099999999958 0.00000000099999999958 0.00000000099999999958 0.00000000099999999958 0.00000000099999999958 0.99999999299999997593 
0.00000000099999999948 0.00000000099999999948 0.00000000099999999948 0.00000000099999999948 0.00000000099999999948 0.00000000099999999948 0.00000000099999999948 0.99999999299999997593 
0.00000000099999999960 0.00000000099999999960 0.00000000099999999960 0.00000000099999999960 0.00000000099999999960 0.00000000099999999960 0.00000000099999999960 0.99999999300000008695 
0.00000000099999999958 0.00000000099999999958 0.00000000099999999958 0.00000000099999999958 0.00000000099999999958 0.00000000099999999958 0.00000000099999999958 0.99999999300000008695 
0.00000000099999999994 0.00000000099999999994 0.00000000099999999994 0.00000000099999999994 0.00000000099999999994 0.99999999299999997593 0.00000000099999999994 0.00000000099999999994 
0.00000000099999999987 0.00000000099999999987 0.00000000099999999987 0.00000000099999999987 0.00000000099999999987 0.99999999300000008695 0.00000000099999999987 0.00000000099999999987 
0.00000000099999999990 0.00000000099999999990 0.00000000099999999990 0.00000000099999999990 0.00000000099999999990 0.99999999299999997593 0.00000000099999999990 0.00000000099999999990 
0.00000000099999999996 0.00000000099999999996 0.00000000099999999996 0.00000000099999999996 0.00000000099999999996 0.99999999300000008695 0.00000000099999999996 0.00000000099999999996 
0.00000000099999999973 0.00000000099999999973 0.00000000099999999973 0.00000000099999999973 0.00000000099999999973 0.99999999300000008695 0.00000000099999999973 0.00000000099999999973 
0.00000000099999999996 0.00000000099999999996 0.00389953744485657889 0.00000000099999999996 0.00000000099999999996 0.99610045655514334317 0.00000000099999999996 0.00000000099999999996 
0.00000000099999999994 0.00000000099999999994 0.00000000099999999994 0.00000000099999999994 0.00000000099999999994 0.99999999300000008695 0.00000000099999999994 0.00000000099999999994 
0.00000000099999999993 0.00000000099999999993 0.00000000099999999993 0.00000000099999999993 0.00000000099999999993 0.99999999299999997593 0.00000000099999999993 0.00000000099999999993 
0.00000000099999999995 0.00000000099999999995 0.00000000099999999995 0.00000000099999999995 0.00000000099999999995 0.99999999299999997593 0.00000000099999999995 0.00000000099999999995 
0.00000000099999999995 0.00010035683750873627 0.00000000099999999995 0.00000000099999999995 0.00000000099999999995 0.99989963716249119496 0.00000000099999999995 0.00000000099999999995 
0.00000000099999999976 0.00000000099999999976 0.00000000099999999976 0.00000000099999999976 0.00000000099999999976 0.99999999299999997593 0.00000000099999999976 0.00000000099999999976 
0.00000000099999999998 0.00000000099999999998 0.00000000099999999998 0.00000000099999999998 0.00000000099999999998 0.99999999300000008695 0.00000000099999999998 0.00000000099999999998 
0.00000000099999999992 0.00000000099999999992 0.00000000099999999992 0.00000000099999999992 0.00000000099999999992 0.99999999299999997593 0.00000000099999999992 0.00000000099999999992 
0.00000000099999999989 0.00000000099999999989 0.99999999299999997593 0.00000000099999999989 0.00000000099999999989 0.00000000099999999989 0.00000000099999999989 0.00000000099999999989 
0.00000000099999999996 0.09980054578633185125 0.13532176929926145736 0.76487767991440669402 0.00000000099999999996 0.00000000099999999996 0.00000000099999999996 0.00000000099999999996 
0.00000000099999999994 0.00000000099999999994 0.99999999300000008695 0.00000000099999999994 0.00000000099999999994 0.00000000099999999994 0.00000000099999999994 0.00000000099999999994 
0.00000000099999999997 0.18129707109783246843 0.15315497331314456564 0.66554795058902305183 0.00000000099999999997 0.00000000099999999997 0.00000000099999999997 0.00000000099999999997 
0.00000000099999999996 0.16202062666909755606 0.18355912557829723308 0.65442024275260524124 0.00000000099999999996 0.00000000099999999996 0.00000000099999999996 0.00000000099999999996 
0.00000000099999999991 0.00000000099999999991 0.99999999300000008695 0.00000000099999999991 0.00000000099999999991 0.00000000099999999991 0.00000000099999999991 0.00000000099999999991 
0.00000000099999999988 0.00000000099999999988 0.99999999300000008695 0.00000000099999999988 0.00000000099999999988 0.00000000099999999988 0.00000000099999999988 0.00000000099999999988 
0.00000000099999999996 0.16222827440771056540 0.17733760734172726581 0.66043411325056211592 0.00000000099999999996 0.00000000099999999996 0.00000000099999999996 0.00000000099999999996 
0.00000000099999999992 0.00000000099999999992 0.99999999300000008695 0.00000000099999999992 0.00000000099999999992 0.00000000099999999992 0.00000000099999999992 0.00000000099999999992 
0.00000000099999999993 0.00000000099999999993 0.99999999299999997593 0.00000000099999999993 0.00000000099999999993 0.00000000099999999993 0.00000000099999999993 0.00000000099999999993 
0.00000000099999999994 0.00000000099999999994 0.99999999300000008695 0.00000000099999999994 0.00000000099999999994 0.00000000099999999994 0.00000000099999999994 0.00000000099999999994 
0.00000000099999999992 0.00000000099999999992 0.99999999300000008695 0.00000000099999999992 0.00000000099999999992 0.00000000099999999992 0.00000000099999999992 0.00000000099999999992 
0.00000000099999999993 0.00000000099999999993 0.99999999300000008695 0.00000000099999999993 0.00000000099999999993 0.00000000099999999993 0.00000000099999999993 0.00000000099999999993 
0.00000000099999999996 0.00000000099999999996 0.99999999300000008695 0.00000000099999999996 0.00000000099999999996 0.00000000099999999996 0.00000000099999999996 0.00000000099999999996 
0.00000000099999999994 0.00000000099999999994 0.99999999300000008695 0.00000000099999999994 0.00000000099999999994 0.00000000099999999994 0.00000000099999999994 0.00000000099999999994 
0.00002184989089857192 0.09413681907433045504 0.13187018795926211401 0.74398769170159106956 0.02998189598384890311 0.00000155339006888619 0.00000000100000000000 0.00000000100000000000 
0.00000000099999999992 0.00000000099999999992 0.99999999300000008695 0.00000000099999999992 0.00000000099999999992 0.00000000099999999992 0.00000000099999999992 0.00000000099999999992 
0.00000000099999999993 0.00000000099999999993 0.99999999299999997593 0.00000000099999999993 0.00000000099999999993 0.00000000099999999993 0.00000000099999999993 0.00000000099999999993 
0.00000000099999999982 0.99999999300000008695 0.00000000099999999982 0.00000000099999999982 0.00000000099999999982 0.00000000099999999982 0.00000000099999999982 0.00000000099999999982 
0.00000000099999999989 0.87444785653660561664 0.00000000099999999989 0.12555213746339460856 0.00000000099999999989 0.00000000099999999989 0.00000000099999999989 0.00000000099999999989 
0.00000000099999999972 0.99999999300000008695 0.00000000099999999972 0.00000000099999999972 0.00000000099999999972 0.00000000099999999972 0.00000000099999999972 0.00000000099999999972 
0.00000000099999999989 0.70500791152869635159 0.00000000099999999989 0.29499208247130381810 0.00000000099999999989 0.00000000099999999989 0.00000000099999999989 0.00000000099999999989 
0.00000000099999999979 0.99999999300000019797 0.00000000099999999979 0.00000000099999999979 0.00000000099999999979 0.00000000099999999979 0.00000000099999999979 0.00000000099999999979 
0.00000000099999999980 0.99999999300000008695 0.00000000099999999980 0.00000000099999999980 0.00000000099999999980 0.00000000099999999980 0.00000000099999999980 0.00000000099999999980 
0.00000000099999999990 0.49120534692162470813 0.00000000099999999990 0.50879464707837540605 0.00000000099999999990 0.00000000099999999990 0.00000000099999999990 0.00000000099999999990 
0.00000000099999999972 0.99999999300000019797 0.00000000099999999972 0.00000000099999999972 0.00000000099999999972 0.00000000099999999972 0.00000000099999999972 0.00000000099999999972 
0.00000000099999999985 0.99999999300000008695 0.00000000099999999985 0.00000000099999999985 0.00000000099999999985 0.00000000099999999985 0.00000000099999999985 0.00000000099999999985 
0.00000000099999999975 0.99999999300000008695 0.00000000099999999975 0.00000000099999999975 0.00000000099999999975 0.00000000099999999975 0.00000000099999999975 0.00000000099999999975 
0.00000000099999999971 0.99999999300000019797 0.00000000099999999971 0.00000000099999999971 0.00000000099999999971 0.00000000099999999971 0.00000000099999999971 0.00000000099999999971 
0.00000000099999999974 0.99999999300000008695 0.00000000099999999974 0.00000000099999999974 0.00000000099999999974 0.00000000099999999974 0.00000000099999999974 0.00000000099999999974 
0.00000000099999999978 0.99999999300000008695 0.00000000099999999978 0.00000000099999999978 0.00000000099999999978 0.00000000099999999978 0.00000000099999999978 0.00000000099999999978 
0.00000000099999999965 0.99999999300000008695 0.00000000099999999965 0.00000000099999999965 0.00000000099999999965 0.00000000099999999965 0.00000000099999999965 0.00000000099999999965 
0.00000000099999999978 0.99999999300000008695 0.00000000099999999978 0.00000000099999999978 0.00000000099999999978 0.00000000099999999978 0.00000000099999999978 0.00000000099999999978 
0.00000000099999999982 0.99999999300000008695 0.00000000099999999982 0.00000000099999999982 0.00000000099999999982 0.00000000099999999982 0.00000000099999999982 0.00000000099999999982 
0.00000000099999999974 0.00000000099999999974 0.00000000099999999974 0.99999999299999997593 0.00000000099999999974 0.00000000099999999974 0.00000000099999999974 0.00000000099999999974 
0.00000000099999999968 0.00000000099999999968 0.00000000099999999968 0.99999999299999997593 0.00000000099999999968 0.00000000099999999968 0.00000000099999999968 0.00000000099999999968 
0.00000000099999999981 0.10559909736500402988 0.00000000099999999981 0.89440089663499611206 0.00000000099999999981 0.00000000099999999981 0.00000000099999999981 0.00000000099999999981 
0.00000000099999999983 0.23351396468242080484 0.00000000099999999983 0.76648602931757925383 0.00000000099999999983 0.00000000099999999983 0.00000000099999999983 0.00000000099999999983 
0.00000000099999999992 0.16429341086033064090 0.00000000099999999992 0.83570658313966950104 0.00000000099999999992 0.00000000099999999992 0.00000000099999999992 0.00000000099999999992 
0.00000000099999999986 0.15486597755328582182 0.00000000099999999986 0.84513401644671415358 0.00000000099999999986 0.00000000099999999986 0.00000000099999999986 0.00000000099999999986 
0.00000000099999999999 0.48004522794273135622 0.02122805618828359220 0.49872671086898506809 0.00000000099999999999 0.00000000099999999999 0.00000000099999999999 0.00000000099999999999 
0.02228496341785810714 0.37385855168697440520 0.00014827004832110608 0.59677826624430518887 0.00692933126160563077 0.00000061534093553631 0.00000000100000000000 0.00000000100000000000 
0.04041519423126462007 0.40930911821511306581 0.03164979032311873719 0.45232668986949964296 0.04814926213383645404 0.01814984074274372111 0.00000010348442367216 0.00000000100000000000 
0.00000000099999999993 0.35888820765199913598 0.00000000099999999993 0.64111178634800092269 0.00000000099999999993 0.00000000099999999993 0.00000000099999999993 0.00000000099999999993 
0.00000000099999999992 0.40062394894683084345 0.00000000099999999992 0.59937604505316921522 0.00000000099999999992 0.00000000099999999992 0.00000000099999999992 0.00000000099999999992 
0.00000000099999999995 0.40726319379910064233 0.00000000099999999995 0.59273680020089936082 0.00000000099999999995 0.00000000099999999995 0.00000000099999999995 0.00000000099999999995 
0.00000000099999999985 0.11752911935196273807 0.00000000099999999985 0.88247087464803741774 0.00000000099999999985 0.00000000099999999985 0.00000000099999999985 0.00000000099999999985 
0.00000000099999999985 0.18098621566106071201 0.00000000099999999985 0.81901377833893940217 0.00000000099999999985 0.00000000099999999985 0.00000000099999999985 0.00000000099999999985 
0.00000000099999999988 0.24229686909387898597 0.00000000099999999988 0.75770312490612112821 0.00000000099999999988 0.00000000099999999988 0.00000000099999999988 0.00000000099999999988 
0.00000000099999999981 0.09404852593551510376 0.00000000099999999981 0.90595146806448489940 0.00000000099999999981 0.00000000099999999981 0.00000000099999999981 0.00000000099999999981 
0.00000000099999999989 0.15398141324357050852 0.00000000099999999989 0.84601858075642966117 0.00000000099999999989 0.00000000099999999989 0.00000000099999999989 0.00000000099999999989 
0.00000000099999999983 0.00000000099999999983 0.00000000099999999983 0.99999999300000008695 0.00000000099999999983 0.00000000099999999983 0.00000000099999999983 0.00000000099999999983 
0.00000000099999999985 0.14750144183121732810 0.00000000099999999985 0.85249855216878278608 0.00000000099999999985 0.00000000099999999985 0.00000000099999999985 0.00000000099999999985 
0.00000000099999999982 0.09057773395656092130 0.00000000099999999982 0.90942226004343917900 0.00000000099999999982 0.00000000099999999982 0.00000000099999999982 0.00000000099999999982 
0.00000000099999999987 0.14541371229297889167 0.00000000099999999987 0.85458628170702122251 0.00000000099999999987 0.00000000099999999987 0.00000000099999999987 0.00000000099999999987 
0.00000000099999999984 0.16143031475966282406 0.00000000099999999984 0.83856967924033720685 0.00000000099999999984 0.00000000099999999984 0.00000000099999999984 0.00000000099999999984 
0.00000000099999999986 0.13126379288108561139 0.00000000099999999986 0.86873620111891436402 0.00000000099999999986 0.00000000099999999986 0.00000000099999999986 0.00000000099999999986 
0.00000000099999999991 0.13360545538976159596 0.00000000099999999991 0.86639453861023840719 0.00000000099999999991 0.00000000099999999991 0.00000000099999999991 0.00000000099999999991 
0.00000000099999999989 0.13907433942784155900 0.00000000099999999989 0.86092565457215841640 0.00000000099999999989 0.00000000099999999989 0.00000000099999999989 0.00000000099999999989 
0.00000000099999999991 0.12067021008502459845 0.00000000099999999991 0.87932978391497540471 0.00000000099999999991 0.00000000099999999991 0.00000000099999999991 0.00000000099999999991 
0.00000000099999999989 0.12716460590908815198 0.00000000099999999989 0.87283538809091187893 0.00000000099999999989 0.00000000099999999989 0.00000000099999999989 0.00000000099999999989 
0.00000000099999999995 0.12672689418065810618 0.00000000099999999995 0.87327309981934186922 0.00000000099999999995 0.00000000099999999995 0.00000000099999999995 0.00000000099999999995 
0.00000000099999999990 0.12219776490149850123 0.00000000099999999990 0.87780222909850158519 0.00000000099999999990 0.00000000099999999990 0.00000000099999999990 0.00000000099999999990 
0.00000000099999999985 0.15668876410879911676 0.00000000099999999985 0.84331122989120099742 0.00000000099999999985 0.00000000099999999985 0.00000000099999999985 0.00000000099999999985 
0.00000000099999999984 0.00000000099999999984 0.00000000099999999984 0.99999999300000008695 0.00000000099999999984 0.00000000099999999984 0.00000000099999999984 0.00000000099999999984 
0.00000000099999999985 0.17248818512189498242 0.00000000099999999985 0.82751180887810504849 0.00000000099999999985 0.00000000099999999985 0.00000000099999999985 0.00000000099999999985 
0.00000000099999999981 0.12816583022143240855 0.00000000099999999981 0.87183416377856759460 0.00000000099999999981 0.00000000099999999981 0.00000000099999999981 0.00000000099999999981 
0.00000000099999999981 0.10919731509960371729 0.00000000099999999981 0.89080267890039632750 0.00000000099999999981 0.00000000099999999981 0.00000000099999999981 0.00000000099999999981 
0.00000000099999999986 0.17412899323105557325 0.00000000099999999986 0.82587100076894448542 0.00000000099999999986 0.00000000099999999986 0.00000000099999999986 0.00000000099999999986 
0.00000000099999999983 0.16636811463980952230 0.00000000099999999983 0.83363187936019045310 0.00000000099999999983 0.00000000099999999983 0.00000000099999999983 0.00000000099999999983 
0.00000000099999999986 0.14924850885587129246 0.00000000099999999986 0.85075148514412879397 0.00000000099999999986 0.00000000099999999986 0.00000000099999999986 0.00000000099999999986 
0.00000000099999999989 0.13872645940712252655 0.00000000099999999989 0.86127353459287758763 0.00000000099999999989 0.00000000099999999989 0.00000000099999999989 0.00000000099999999989 
0.00000000099999999989 0.19242063924120580976 0.00000000099999999989 0.80757935475879416565 0.00000000099999999989 0.00000000099999999989 0.00000000099999999989 0.00000000099999999989 
0.00000000099999999990 0.09993727906550119167 0.00000000099999999990 0.90006271493449885313 0.00000000099999999990 0.00000000099999999990 0.00000000099999999990 0.00000000099999999990 
0.00000000099999999982 0.12512040457068532295 0.00000000099999999982 0.87487958942931465245 0.00000000099999999982 0.00000000099999999982 0.00000000099999999982 0.00000000099999999982 
0.00000000099999999996 0.17350693523779708860 0.00000000099999999996 0.82649305876220302558 0.00000000099999999996 0.00000000099999999996 0.00000000099999999996 0.00000000099999999996 
0.00000000099999999985 0.12448750736127779659 0.00000000099999999985 0.87551248663872238698 0.00000000099999999985 0.00000000099999999985 0.00000000099999999985 0.00000000099999999985 
0.00000000099999999987 0.11967908137994162643 0.02209995611568707150 0.85822095750437132899 0.00000000099999999987 0.00000000099999999987 0.00000000099999999987 0.00000000099999999987 
0.00000000099999999982 0.12021176876457427551 0.00000000099999999982 0.87978822523542588030 0.00000000099999999982 0.00000000099999999982 0.00000000099999999982 0.00000000099999999982 
0.00000000099999999987 0.16755899849743155494 0.00000000099999999987 0.83244099550256855924 0.00000000099999999987 0.00000000099999999987 0.00000000099999999987 0.00000000099999999987 
0.00000000099999999988 0.16621124349828797495 0.00000000099999999988 0.83378875050171219474 0.00000000099999999988 0.00000000099999999988 0.00000000099999999988 0.00000000099999999988 
0.00000000099999999986 0.15558075043073565924 0.00000000099999999986 0.84441924356926434392 0.00000000099999999986 0.00000000099999999986 0.00000000099999999986 0.00000000099999999986 
0.00000000099999999987 0.12569261879756044031 0.00000000099999999987 0.87430737520243950733 0.00000000099999999987 0.00000000099999999987 0.00000000099999999987 0.00000000099999999987 
0.00000000099999999989 0.12068019883805036763 0.00000000099999999989 0.87931979516194958002 0.00000000099999999989 0.00000000099999999989 0.00000000099999999989 0.00000000099999999989 
0.00000000099999999983 0.16928813941725279202 0.00000000099999999983 0.83071185458274732216 0.00000000099999999983 0.00000000099999999983 0.00000000099999999983 0.00000000099999999983 
0.00000000099999999993 0.13994697918703177808 0.00000000099999999993 0.86005301481296825283 0.00000000099999999993 0.00000000099999999993 0.00000000099999999993 0.00000000099999999993 
0.00000000099999999983 0.14375031277119662554 0.00000000099999999983 0.85624968122880351640 0.00000000099999999983 0.00000000099999999983 0.00000000099999999983 0.00000000099999999983 
0.00000000099999999984 0.20228533088420400099 0.00000000099999999984 0.79771466311579619646 0.00000000099999999984 0.00000000099999999984 0.00000000099999999984 0.00000000099999999984 
0.00000000099999999998 0.07495095377021807059 0.00000000099999999998 0.92504904022978196032 0.00000000099999999998 0.00000000099999999998 0.00000000099999999998 0.00000000099999999998 
0.00000000099999999993 0.12541492385970409718 0.00000000099999999993 0.87458507014029607252 0.00000000099999999993 0.00000000099999999993 0.00000000099999999993 0.00000000099999999993 
0.00000000099999999961 0.00000000099999999961 0.00000000099999999961 0.00000000099999999961 0.00000000099999999961 0.00000000099999999961 0.99999999299999986491 0.00000000099999999961 
0.00000000099999999963 0.00000000099999999963 0.00000000099999999963 0.00000000099999999963 0.00000000099999999963 0.00000000099999999963 0.99999999299999986491 0.00000000099999999963 
0.00000000099999999971 0.00000000099999999971 0.00000000099999999971 0.00000000099999999971 0.00000000099999999971 0.00000000099999999971 0.99999999299999986491 0.00000000099999999971 
0.00000000099999999967 0.00000000099999999967 0.00000000099999999967 0.00000000099999999967 0.00000000099999999967 0.00000000099999999967 0.99999999299999986491 0.00000000099999999967 
0.00000000099999999961 0.00000000099999999961 0.00000000099999999961 0.00000000099999999961 0.00000000099999999961 0.00000000099999999961 0.99999999299999986491 0.00000000099999999961 
0.00000000099999999967 0.00000000099999999967 0.00000000099999999967 0.00000000099999999967 0.00000000099999999967 0.00000000099999999967 0.99999999299999986491 0.00000000099999999967 
0.00000000099999999968 0.00000000099999999968 0.00000000099999999968 0.00000000099999999968 0.00000000099999999968 0.00000000099999999968 0.99999999299999986491 0.00000000099999999968 
0.00000000099999999975 0.00000000099999999975 0.00000000099999999975 0.00000000099999999975 0.00000000099999999975 0.00000000099999999975 0.99999999299999986491 0.00000000099999999975 
0.00000000099999999970 0.00000000099999999970 0.00000000099999999970 0.00000000099999999970 0.00000000099999999970 0.00000000099999999970 0.99999999299999997593 0.00000000099999999970 
0.00000000099999999962 0.00000000099999999962 0.00000000099999999962 0.00000000099999999962 0.00000000099999999962 0.00000000099999999962 0.99999999299999997593 0.00000000099999999962 
0.00000000099999999959 0.00000000099999999959 0.00000000099999999959 0.00000000099999999959 0.00000000099999999959 0.00000000099999999959 0.99999999299999997593 0.00000000099999999959 
0.00000000099999999960 0.00000000099999999960 0.00000000099999999960 0.00000000099999999960 0.00000000099999999960 0.00000000099999999960 0.99999999299999986491 0.00000000099999999960 
0.00000000099999999970 0.00000000099999999970 0.00000000099999999970 0.00000000099999999970 0.00000000099999999970 0.00000000099999999970 0.99999999299999997593 0.00000000099999999970 
0.00000000099999999960 0.00000000099999999960 0.00000000099999999960 0.00000000099999999960 0.00000000099999999960 0.00000000099999999960 0.99999999299999997593 0.00000000099999999960 
0.00000000099999999957 0.00000000099999999957 0.00000000099999999957 0.00000000099999999957 0.00000000099999999957 0.00000000099999999957 0.99999999299999997593 0.00000000099999999957 
0.00000000099999999964 0.00000000099999999964 0.00000000099999999964 0.00000000099999999964 0.00000000099999999964 0.00000000099999999964 0.99999999299999986491 0.00000000099999999964 
0.00000000099999999965 0.00000000099999999965 0.00000000099999999965 0.00000000099999999965 0.00000000099999999965 0.00000000099999999965 0.99999999299999997593 0.00000000099999999965 
0.00000000099999999960 0.00000000099999999960 0.00000000099999999960 0.00000000099999999960 0.00000000099999999960 0.00000000099999999960 0.99999999299999997593 0.00000000099999999960 
0.00000000099999999966 0.00000000099999999966 0.00000000099999999966 0.00000000099999999966 0.00000000099999999966 0.00000000099999999966 0.99999999299999997593 0.00000000099999999966 
0.00000000099999999974 0.00000000099999999974 0.00000000099999999974 0.00000000099999999974 0.00000000099999999974 0.41480681410069897286 0.00000000099999999974 0.58519317989930108581 
0.00000000099999999976 0.00000000099999999976 0.00000000099999999976 0.00000000099999999976 0.00000000099999999976 0.40176145197442864054 0.00000000099999999976 0.59823854202557114057 
0.00000000099999999976 0.00000000099999999976 0.00000000099999999976 0.00000000099999999976 0.00000000099999999976 0.40560567425919163975 0.00000000099999999976 0.59439431974080825238 
0.00000000099999999979 0.00000000099999999979 0.00000000099999999979 0.00000000099999999979 0.00000000099999999979 0.43330715987738810391 0.00000000099999999979 0.56669283412261184374 
0.00000000099999999992 0.00000000099999999992 0.99999999299999997593 0.00000000099999999992 0.00000000099999999992 0.00000000099999999992 0.00000000099999999992 0.00000000099999999992 
0.00000000099999999989 0.00000000099999999989 0.99999999299999997593 0.00000000099999999989 0.00000000099999999989 0.00000000099999999989 0.00000000099999999989 0.00000000099999999989 
0.00000000099999999996 0.00000000099999999996 0.99999999299999997593 0.00000000099999999996 0.00000000099999999996 0.00000000099999999996 0.00000000099999999996 0.00000000099999999996 
0.00000000099999999991 0.00000000099999999991 0.99999999300000008695 0.00000000099999999991 0.00000000099999999991 0.00000000099999999991 0.00000000099999999991 0.00000000099999999991 
0.00000000099999999984 0.00000000099999999984 0.99999999300000008695 0.00000000099999999984 0.00000000099999999984 0.00000000099999999984 0.00000000099999999984 0.00000000099999999984 
0.00000000099999999989 0.00000000099999999989 0.99999999299999997593 0.00000000099999999989 0.00000000099999999989 0.00000000099999999989 0.00000000099999999989 0.00000000099999999989 
0.00000004400889058447 0.00000000100000000000 0.97675636042616509336 0.00000000100000000000 0.00000000100000000000 0.00000000100000000000 0.00000000100000000000 0.02324359056494439135 
0.00000000099999999993 0.00000000099999999993 0.99999999300000008695 0.00000000099999999993 0.00000000099999999993 0.00000000099999999993 0.00000000099999999993 0.00000000099999999993 
0.00000000099999999993 0.00000000099999999993 0.99999999299999997593 0.00000000099999999993 0.00000000099999999993 0.00000000099999999993 0.00000000099999999993 0.00000000099999999993 
0.00000000099999999999 0.00000000099999999999 0.99999999300000008695 0.00000000099999999999 0.00000000099999999999 0.00000000099999999999 0.00000000099999999999 0.00000000099999999999 
