  1:   1.0000  0.0000  0.0000  1
  2:   1.0000  0.0000  0.0000  1
  3:   1.0000  0.0000  0.0000  1
  4:   1.0000  0.0000  0.0000  1
  5:   1.0000  0.0000  0.0000  1
  6:   1.0000  0.0000  0.0000  1
  7:   1.0000  0.0000  0.0000  1
  8:   1.0000  0.0000  0.0000  1
  9:   1.0000  0.0000  0.0000  1
 10:   1.0000  0.0000  0.0000  1
 11:   1.0000  0.0000  0.0000  1
 12:   1.0000  0.0000  0.0000  1
 13:   1.0000  0.0000  0.0000  1
 14:   1.0000  0.0000  0.0000  1
 15:   1.0000  0.0000  0.0000  1
 16:   1.0000  0.0000  0.0000  1
 17:   1.0000  0.0000  0.0000  1
 18:   1.0000  0.0000  0.0000  1
 19:   1.0000  0.0000  0.0000  1
 20:   1.0000  0.0000  0.0000  1
 21:   1.0000  0.0000  0.0000  1
 22:   1.0000  0.0000  0.0000  1
 23:   1.0000  0.0000  0.0000  1
 24:   1.0000  0.0000  0.0000  1
 25:   1.0000  0.0000  0.0000  1
 26:   1.0000  0.0000  0.0000  1
 27:   1.0000  0.0000  0.0000  1
 28:   1.0000  0.0000  0.0000  1
 29:   1.0000  0.0000  0.0000  1
 30:   1.0000  0.0000  0.0000  1
 31:   1.0000  0.0000  0.0000  1
 32:   1.0000  0.0000  0.0000  1
 33:   1.0000  0.0000  0.0000  1
 34:   0.9999  0.0000  0.0001  1
 35:   1.0000  0.0000  0.0000  1
 36:   1.0000  0.0000  0.0000  1
 37:   1.0000  0.0000  0.0000  1
 38:   1.0000  0.0000  0.0000  1
 39:   1.0000  0.0000  0.0000  1
 40:   1.0000  0.0000  0.0000  1
 41:   1.0000  0.0000  0.0000  1
 42:   0.9685  0.0315  0.0001  1
 43:   1.0000  0.0000  0.0000  1
 44:   1.0000  0.0000  0.0000  1
 45:   1.0000  0.0000  0.0000  1
 46:   1.0000  0.0000  0.0000  1
 47:   1.0000  0.0000  0.0000  1
 48:   1.0000  0.0000  0.0000  1
 49:   1.0000  0.0000  0.0000  1
 50:   1.0000  0.0000  0.0000  1
 51:   0.9731  0.0268  0.0001  1
 52:   0.0251  0.9309  0.0440  1
 53:   0.0225  0.9348  0.0427  1
 54:   0.0259  0.9375  0.0366  1
 55:   0.0330  0.9256  0.0414  1
 56:   0.0280  0.9270  0.0450  1
 57:   0.0000  0.0000  1.0000  1
 58:   0.0000  0.0000  1.0000  1
 59:   0.0000  0.0000  1.0000  1
 60:   0.0000  0.0000  1.0000  1
 61:   0.0000  0.0000  1.0000  1
 62:   0.0000  0.0000  1.0000  1
 63:   0.0000  0.0000  1.0000  1
 64:   0.0000  0.0000  1.0000  1
 65:   0.0000  0.0000  1.0000  1
 66:   0.0000  0.0000  1.0000  1
 67:   0.0000  0.0000  1.0000  1
 68:   0.0000  0.0000  1.0000  1
 69:   0.0000  0.0000  1.0000  1
 70:   0.0000  0.0000  1.0000  1
 71:   0.0000  0.0000  1.0000  1
 72:   0.0000  0.0000  1.0000  1
 73:   0.0000  0.0000  1.0000  1
 74:   0.0000  0.0000  1.0000  1
 75:   0.0000  0.0000  1.0000  1
 76:   0.0000  0.0000  1.0000  1
 77:   0.0000  0.0000  1.0000  1
 78:   0.0000  0.0000  1.0000  1
 79:   0.0000  0.0000  1.0000  1
 80:   0.0000  0.0000  1.0000  1
 81:   0.4312  0.3516  0.2172  1
 82:   0.4574  0.3267  0.2158  1
 83:   0.4546  0.3321  0.2133  1
 84:   0.4504  0.3260  0.2236  1
 85:   0.4551  0.3416  0.2033  1
 86:   0.4236  0.3585  0.2179  1
 87:   0.4613  0.3194  0.2193  1
 88:   0.4574  0.3381  0.2045  1
 89:   0.4464  0.3338  0.2198  1
 90:   0.4370  0.3586  0.2044  1
 92:   0.4372  0.3514  0.2114  1
 93:   0.4318  0.3452  0.2230  1
 94:   0.0783  0.8224  0.0993  1
 95:   0.0000  1.0000  0.0000  1
 96:   0.0888  0.8252  0.0860  1
 97:   0.0000  1.0000  0.0000  1
 98:   0.0000  1.0000  0.0000  1
 99:   0.0907  0.8178  0.0914  1
100:   0.1011  0.8212  0.0777  1
101:   0.0000  1.0000  0.0000  1
102:   0.0947  0.8422  0.0630  1
103:   0.0994  0.8315  0.0690  1
104:   0.0997  0.8240  0.0764  1
105:   0.1084  0.8212  0.0704  1
106:   0.0839  0.8249  0.0911  1
107:   0.0899  0.8453  0.0648  1
108:   0.0928  0.8263  0.0810  1
109:   0.0406  0.9592  0.0002  1
110:   0.0958  0.8351  0.0691  1
111:   0.1017  0.8320  0.0664  1
112:   0.0000  1.0000  0.0000  1
113:   0.0000  1.0000  0.0000  1
114:   0.0000  1.0000  0.0000  1
115:   0.0000  1.0000  0.0000  1
116:   0.0000  1.0000  0.0000  1
117:   0.0000  1.0000  0.0000  1
118:   0.0000  1.0000  0.0000  1
119:   0.0000  1.0000  0.0000  1
120:   0.0000  1.0000  0.0000  1
121:   0.0000  1.0000  0.0000  1
122:   0.0000  1.0000  0.0000  1
123:   0.0000  1.0000  0.0000  1
124:   0.0000  1.0000  0.0000  1
125:   0.0000  1.0000  0.0000  1
126:   0.0000  1.0000  0.0000  1
127:   0.0000  1.0000  0.0000  1
128:   0.0000  1.0000  0.0000  1
129:   0.0000  1.0000  0.0000  1
130:   0.0000  1.0000  0.0000  1
131:   0.0000  1.0000  0.0000  1
132:   0.0000  1.0000  0.0000  1
133:   0.0000  1.0000  0.0000  1
134:   0.0002  0.9998  0.0000  1
135:   0.0282  0.9717  0.0000  1
136:   0.0959  0.9034  0.0008  1
137:   0.0000  1.0000  0.0000  1
138:   0.0000  1.0000  0.0000  1
139:   0.0000  1.0000  0.0000  1
140:   0.0000  1.0000  0.0000  1
141:   0.0000  1.0000  0.0000  1
142:   0.0000  1.0000  0.0000  1
143:   0.0000  1.0000  0.0000  1
144:   0.0000  1.0000  0.0000  1
145:   0.0000  1.0000  0.0000  1
146:   0.0000  1.0000  0.0000  1
147:   0.0000  1.0000  0.0000  1
148:   0.0000  1.0000  0.0000  1
149:   0.0000  1.0000  0.0000  1
150:   0.0000  1.0000  0.0000  1
151:   0.0000  1.0000  0.0000  1
152:   0.0000  1.0000  0.0000  1
153:   0.0000  1.0000  0.0000  1
154:   0.0000  1.0000  0.0000  1
155:   0.0000  1.0000  0.0000  1
156:   0.0000  1.0000  0.0000  1
157:   0.0000  1.0000  0.0000  1
158:   0.0000  1.0000  0.0000  1
159:   0.0000  1.0000  0.0000  1
160:   0.0000  1.0000  0.0000  1
161:   0.0000  1.0000  0.0000  1
162:   0.0000  1.0000  0.0000  1
163:   0.0000  1.0000  0.0000  1
164:   0.0000  1.0000  0.0000  1
165:   0.0000  1.0000  0.0000  1
166:   0.0000  1.0000  0.0000  1
167:   0.0000  1.0000  0.0000  1
168:   0.0000  1.0000  0.0000  1
169:   0.0000  1.0000  0.0000  1
170:   0.0000  1.0000  0.0000  1
171:   0.0000  1.0000  0.0000  1
172:   0.0000  1.0000  0.0000  1
173:   0.0000  1.0000  0.0000  1
174:   0.0000  1.0000  0.0000  1
175:   0.0000  1.0000  0.0000  1
176:   0.0000  1.0000  0.0000  1
177:   0.0000  1.0000  0.0000  1
178:   0.0000  1.0000  0.0000  1
179:   0.0000  1.0000  0.0000  1
180:   0.0000  1.0000  0.0000  1
181:   0.0000  1.0000  0.0000  1
182:   0.0000  1.0000  0.0000  1
183:   0.0000  1.0000  0.0000  1
184:   0.0186  0.1196  0.8618  1
185:   0.0145  0.1234  0.8620  1
186:   0.0292  0.1180  0.8528  1
187:   0.0351  0.1122  0.8526  1
188:   0.0228  0.1064  0.8707  1
189:   0.0189  0.1296  0.8515  1
190:   0.0314  0.1254  0.8432  1
191:   0.0348  0.1226  0.8425  1
192:   0.0308  0.0982  0.8710  1
193:   0.0265  0.1161  0.8574  1
194:   0.0117  0.1292  0.8591  1
195:   0.0304  0.1133  0.8563  1
196:   0.0383  0.1130  0.8487  1
197:   0.0188  0.1226  0.8586  1
198:   0.0229  0.1122  0.8649  1
199:   0.0244  0.1186  0.8569  1
200:   0.0138  0.1183  0.8679  1
201:   0.0149  0.1120  0.8731  1
202:   0.0293  0.1083  0.8624  1
203:   0.1291  0.0601  0.8107  1
204:   0.1300  0.0652  0.8047  1
205:   0.1259  0.0610  0.8131  1
206:   0.1280  0.0831  0.7890  1
207:   0.0979  0.8314  0.0707  1
208:   0.0857  0.8337  0.0805  1
209:   0.1028  0.8297  0.0675  1
210:   0.0898  0.8368  0.0734  1
211:   0.1009  0.8118  0.0873  1
212:   0.1126  0.8165  0.0709  1
213:   0.1499  0.7514  0.0987  1
214:   0.0911  0.8244  0.0845  1
215:   0.0859  0.8363  0.0778  1
216:   0.1206  0.8290  0.0504  1
217:   0.1025  0.8270  0.0705  1
218:   0.0810  0.8487  0.0703  1
219:   0.1034  0.8231  0.0735  1
220:   0.0942  0.8560  0.0498  1
221:   0.0956  0.8505  0.0539  1
222:   0.0826  0.8297  0.0877  1
223:   0.0914  0.8462  0.0624  1
224:   0.0957  0.8196  0.0847  1
225:   0.0790  0.8411  0.0799  1
226:   0.0977  0.8305  0.0719  1
227:   0.0918  0.8336  0.0747  1
228:   0.0671  0.8608  0.0721  1
229:   0.0813  0.8479  0.0708  1
230:   0.0914  0.8251  0.0835  1
231:   0.0872  0.8259  0.0870  1
232:   0.0756  0.8501  0.0743  1
233:   0.0853  0.8329  0.0818  1
234:   0.0960  0.8231  0.0809  1
235:   0.0669  0.8576  0.0755  1
236:   0.0666  0.8777  0.0557  1
237:   0.0897  0.8337  0.0766  1
238:   0.0000  1.0000  0.0000  1
239:   0.0000  1.0000  0.0000  1
240:   0.0000  1.0000  0.0000  1
241:   0.0000  1.0000  0.0000  1
242:   1.0000  0.0000  0.0000  1
243:   1.0000  0.0000  0.0000  1
244:   1.0000  0.0000  0.0000  1
245:   1.0000  0.0000  0.0000  1
246:   1.0000  0.0000  0.0000  1
247:   1.0000  0.0000  0.0000  1
248:   1.0000  0.0000  0.0000  1
249:   1.0000  0.0000  0.0000  1
250:   1.0000  0.0000  0.0000  1
251:   1.0000  0.0000  0.0000  1
252:   1.0000  0.0000  0.0000  1
253:   1.0000  0.0000  0.0000  1
254:   1.0000  0.0000  0.0000  1
255:   1.0000  0.0000  0.0000  1
256:   1.0000  0.0000  0.0000  1
257:   1.0000  0.0000  0.0000  1
258:   1.0000  0.0000  0.0000  1
259:   1.0000  0.0000  0.0000  1
260:   1.0000  0.0000  0.0000  1
261:   1.0000  0.0000  0.0000  1
262:   1.0000  0.0000  0.0000  1
263:   1.0000  0.0000  0.0000  1
264:   1.0000  0.0000  0.0000  1
265:   1.0000  0.0000  0.0000  1
266:   1.0000  0.0000  0.0000  1
267:   1.0000  0.0000  0.0000  1
268:   1.0000  0.0000  0.0000  1
269:   1.0000  0.0000  0.0000  1
270:   1.0000  0.0000  0.0000  1
271:   1.0000  0.0000  0.0000  1
272:   1.0000  0.0000  0.0000  1
273:   1.0000  0.0000  0.0000  1
274:   1.0000  0.0000  0.0000  1
275:   1.0000  0.0000  0.0000  1
276:   1.0000  0.0000  0.0000  1
277:   1.0000  0.0000  0.0000  1
278:   1.0000  0.0000  0.0000  1
279:   1.0000  0.0000  0.0000  1
280:   1.0000  0.0000  0.0000  1
281:   1.0000  0.0000  0.0000  1
