  1:   0.0000  0.0000  0.1245  0.0000  0.0000  0.0000  0.8755  1
  2:   0.0000  0.0000  0.0000  0.0000  0.0000  0.0000  1.0000  1
  3:   0.0000  0.0000  0.1000  0.0000  0.0000  0.0000  0.9000  1
  4:   0.0000  0.0000  0.0732  0.0000  0.0000  0.0000  0.9268  1
  5:   0.0000  0.0000  0.1080  0.0000  0.0000  0.0000  0.8920  1
  6:   0.0000  0.0000  0.1263  0.0000  0.0000  0.0000  0.8737  1
  7:   0.0000  0.0000  0.1092  0.0000  0.0000  0.0000  0.8908  1
  8:   0.0000  0.0000  0.0279  0.0032  0.0000  0.0000  0.9689  1
  9:   0.0000  0.0000  0.1204  0.0000  0.0000  0.0000  0.8796  1
 10:   0.0000  0.0000  0.0904  0.0000  0.0000  0.0000  0.9096  1
 11:   0.0000  0.0000  0.2420  0.0000  0.0000  0.0000  0.7580  1
 12:   0.0000  0.0000  0.3000  0.0000  0.0000  0.0000  0.7000  1
 13:   0.0000  0.0000  0.0756  0.0000  0.0000  0.0000  0.9244  1
 14:   0.0000  0.0000  0.0414  0.0000  0.0000  0.0000  0.9586  1
 15:   0.0000  0.0000  0.0770  0.0000  0.0000  0.0000  0.9230  1
 16:   0.0000  0.0000  0.2000  0.0000  0.0000  0.0000  0.8000  1
 17:   0.0000  0.0000  0.1239  0.0000  0.0000  0.0000  0.8761  1
 18:   0.0000  0.0000  0.2466  0.0000  0.0000  0.0000  0.7534  1
 19:   0.0000  0.0000  0.0000  0.0000  0.0000  0.0000  1.0000  1
 20:   0.0000  0.0000  0.2248  0.0000  0.0000  0.0000  0.7752  1
 21:   0.0000  0.0000  0.1816  0.0000  0.0000  0.0000  0.8184  1
 22:   0.0000  0.0000  0.1055  0.0000  0.0000  0.0000  0.8945  1
 23:   0.0000  0.0000  0.1624  0.0000  0.0000  0.0000  0.8376  1
 24:   0.0000  0.0000  0.1082  0.0000  0.0000  0.0000  0.8918  1
 25:   0.0000  0.0000  0.1154  0.0000  0.0000  0.0000  0.8846  1
 26:   0.0000  0.0000  0.1288  0.0000  0.0000  0.0000  0.8712  1
 27:   0.0000  0.0000  0.1000  0.0000  0.0000  0.0000  0.9000  1
 28:   0.0000  0.0000  0.0784  0.0000  0.0000  0.0000  0.9216  1
 29:   0.0000  0.0000  0.1346  0.0000  0.0000  0.0000  0.8654  1
 30:   0.0000  0.0000  0.0239  0.0000  0.0000  0.0000  0.9761  1
 31:   0.0000  0.0000  0.0885  0.0000  0.0000  0.0000  0.9115  1
 32:   0.0000  0.0000  0.0319  0.0000  0.0000  0.0000  0.9681  1
 33:   0.0000  0.0000  0.2000  0.0000  0.0000  0.0000  0.8000  1
 34:   0.0000  0.0000  0.1486  0.0001  0.0000  0.0000  0.8512  1
 35:   0.0000  0.0000  0.1329  0.0000  0.0000  0.0000  0.8671  1
 36:   0.0000  0.0000  0.1000  0.0000  0.0000  0.0000  0.9000  1
 37:   0.0000  0.0000  0.0425  0.0000  0.0000  0.0000  0.9575  1
 38:   0.0000  0.0000  0.0204  0.0000  0.0000  0.0000  0.9796  1
 39:   0.0000  0.0000  0.1296  0.0000  0.0000  0.0000  0.8704  1
 40:   0.0000  0.0000  0.0261  0.0000  0.0000  0.0000  0.9739  1
 41:   0.0000  0.0000  0.1270  0.0000  0.0000  0.0000  0.8730  1
 42:   0.0000  0.0094  0.0995  0.0000  0.0158  0.0071  0.8681  1
 43:   0.0000  0.0000  0.1276  0.0000  0.0000  0.0000  0.8724  1
 44:   0.0000  0.0000  0.1537  0.0000  0.0000  0.0000  0.8463  1
 45:   0.0000  0.0000  0.1532  0.0000  0.0000  0.0000  0.8468  1
 46:   0.0000  0.0000  0.1249  0.0000  0.0000  0.0000  0.8751  1
 47:   0.0000  0.0000  0.1008  0.0000  0.0000  0.0000  0.8992  1
 48:   0.0000  0.0000  0.1415  0.0000  0.0000  0.0000  0.8585  1
 49:   0.0000  0.0000  0.0320  0.0000  0.0000  0.0000  0.9680  1
 50:   0.0000  0.0000  0.1026  0.0000  0.0000  0.0000  0.8974  1
 51:   0.0000  0.0169  0.2409  0.0063  0.0001  0.0001  0.7357  1
 52:   0.0000  0.3156  0.0055  0.0000  0.6789  0.0000  0.0000  1
 53:   0.0000  0.3380  0.0067  0.0000  0.6553  0.0000  0.0000  1
 54:   0.0000  0.3627  0.0072  0.0000  0.6301  0.0000  0.0000  1
 55:   0.0000  0.3549  0.0097  0.0000  0.6353  0.0000  0.0000  1
 56:   0.0000  0.3282  0.0055  0.0000  0.6662  0.0000  0.0000  1
 57:   1.0000  0.0000  0.0000  0.0000  0.0000  0.0000  0.0000  1
 58:   1.0000  0.0000  0.0000  0.0000  0.0000  0.0000  0.0000  1
 59:   1.0000  0.0000  0.0000  0.0000  0.0000  0.0000  0.0000  1
 60:   1.0000  0.0000  0.0000  0.0000  0.0000  0.0000  0.0000  1
 61:   1.0000  0.0000  0.0000  0.0000  0.0000  0.0000  0.0000  1
 62:   1.0000  0.0000  0.0000  0.0000  0.0000  0.0000  0.0000  1
 63:   1.0000  0.0000  0.0000  0.0000  0.0000  0.0000  0.0000  1
 64:   1.0000  0.0000  0.0000  0.0000  0.0000  0.0000  0.0000  1
 65:   1.0000  0.0000  0.0000  0.0000  0.0000  0.0000  0.0000  1
 66:   1.0000  0.0000  0.0000  0.0000  0.0000  0.0000  0.0000  1
 67:   1.0000  0.0000  0.0000  0.0000  0.0000  0.0000  0.0000  1
 68:   1.0000  0.0000  0.0000  0.0000  0.0000  0.0000  0.0000  1
 69:   1.0000  0.0000  0.0000  0.0000  0.0000  0.0000  0.0000  1
 70:   1.0000  0.0000  0.0000  0.0000  0.0000  0.0000  0.0000  1
 71:   1.0000  0.0000  0.0000  0.0000  0.0000  0.0000  0.0000  1
 72:   1.0000  0.0000  0.0000  0.0000  0.0000  0.0000  0.0000  1
 73:   1.0000  0.0000  0.0000  0.0000  0.0000  0.0000  0.0000  1
 74:   1.0000  0.0000  0.0000  0.0000  0.0000  0.0000  0.0000  1
 75:   1.0000  0.0000  0.0000  0.0000  0.0000  0.0000  0.0000  1
 76:   1.0000  0.0000  0.0000  0.0000  0.0000  0.0000  0.0000  1
 77:   1.0000  0.0000  0.0000  0.0000  0.0000  0.0000  0.0000  1
 78:   1.0000  0.0000  0.0000  0.0000  0.0000  0.0000  0.0000  1
 79:   1.0000  0.0000  0.0000  0.0000  0.0000  0.0000  0.0000  1
 80:   1.0000  0.0000  0.0000  0.0000  0.0000  0.0000  0.0000  1
 81:   0.0000  0.0000  0.0000  0.0000  0.0000  1.0000  0.0000  1
 82:   0.0000  0.0000  0.0000  0.0000  0.0000  1.0000  0.0000  1
 83:   0.0000  0.0000  0.0000  0.0000  0.0000  1.0000  0.0000  1
 84:   0.0000  0.0000  0.0000  0.0000  0.0000  1.0000  0.0000  1
 85:   0.0000  0.0000  0.0000  0.0000  0.0000  1.0000  0.0000  1
 86:   0.0000  0.0000  0.0228  0.0000  0.0016  0.9757  0.0000  1
 87:   0.0000  0.0000  0.0000  0.0000  0.0000  1.0000  0.0000  1
 88:   0.0000  0.0000  0.0000  0.0000  0.0000  1.0000  0.0000  1
 89:   0.0000  0.0000  0.0001  0.0000  0.0000  0.9999  0.0000  1
 90:   0.0000  0.0000  0.0001  0.0000  0.0000  0.9999  0.0000  1
 92:   0.0000  0.0000  0.0003  0.0000  0.0000  0.9997  0.0000  1
 93:   0.0000  0.0000  0.0000  0.0000  0.0000  1.0000  0.0000  1
 94:   0.0000  0.0000  0.0000  0.0000  1.0000  0.0000  0.0000  1
 95:   0.0000  0.8487  0.0100  0.0000  0.1413  0.0000  0.0000  1
 96:   0.0000  0.0000  0.0000  0.0000  1.0000  0.0000  0.0000  1
 97:   0.0000  0.8257  0.0182  0.0000  0.1561  0.0000  0.0000  1
 98:   0.0000  0.7971  0.0162  0.0000  0.1867  0.0000  0.0000  1
 99:   0.0000  0.0000  0.0000  0.0000  1.0000  0.0000  0.0000  1
100:   0.0000  0.0000  0.0000  0.0000  1.0000  0.0000  0.0000  1
101:   0.0000  0.8026  0.0163  0.0000  0.1812  0.0000  0.0000  1
102:   0.0000  0.0000  0.0000  0.0000  1.0000  0.0000  0.0000  1
103:   0.0000  0.0000  0.0000  0.0000  1.0000  0.0000  0.0000  1
104:   0.0000  0.0000  0.0000  0.0000  1.0000  0.0000  0.0000  1
105:   0.0000  0.0000  0.0000  0.0000  1.0000  0.0000  0.0000  1
106:   0.0000  0.0000  0.0000  0.0000  1.0000  0.0000  0.0000  1
107:   0.0000  0.0000  0.0000  0.0000  1.0000  0.0000  0.0000  1
108:   0.0000  0.0000  0.0000  0.0000  1.0000  0.0000  0.0000  1
109:   0.0000  0.8211  0.0171  0.0001  0.1335  0.0018  0.0265  1
110:   0.0000  0.0000  0.0000  0.0000  1.0000  0.0000  0.0000  1
111:   0.0000  0.0000  0.0000  0.0000  1.0000  0.0000  0.0000  1
112:   0.0000  0.9000  0.1000  0.0000  0.0000  0.0000  0.0000  1
113:   0.0000  0.9125  0.0875  0.0000  0.0000  0.0000  0.0000  1
114:   0.0000  0.9000  0.1000  0.0000  0.0000  0.0000  0.0000  1
115:   0.0000  0.9295  0.0705  0.0000  0.0000  0.0000  0.0000  1
116:   0.0000  0.9000  0.1000  0.0000  0.0000  0.0000  0.0000  1
117:   0.0000  0.9000  0.1000  0.0000  0.0000  0.0000  0.0000  1
118:   0.0000  0.9509  0.0491  0.0000  0.0000  0.0000  0.0000  1
119:   0.0000  0.9000  0.1000  0.0000  0.0000  0.0000  0.0000  1
120:   0.0000  0.9000  0.1000  0.0000  0.0000  0.0000  0.0000  1
121:   0.0000  0.9000  0.1000  0.0000  0.0000  0.0000  0.0000  1
122:   0.0000  0.9000  0.1000  0.0000  0.0000  0.0000  0.0000  1
123:   0.0000  0.9000  0.1000  0.0000  0.0000  0.0000  0.0000  1
124:   0.0000  0.9000  0.1000  0.0000  0.0000  0.0000  0.0000  1
125:   0.0000  0.9000  0.1000  0.0000  0.0000  0.0000  0.0000  1
126:   0.0000  0.9000  0.1000  0.0000  0.0000  0.0000  0.0000  1
127:   0.0000  0.9000  0.1000  0.0000  0.0000  0.0000  0.0000  1
128:   0.0000  1.0000  0.0000  0.0000  0.0000  0.0000  0.0000  1
129:   0.0000  1.0000  0.0000  0.0000  0.0000  0.0000  0.0000  1
130:   0.0000  0.9894  0.0106  0.0000  0.0000  0.0000  0.0000  1
131:   0.0000  0.9766  0.0234  0.0000  0.0000  0.0000  0.0000  1
132:   0.0000  0.9835  0.0165  0.0000  0.0000  0.0000  0.0000  1
133:   0.0000  0.9845  0.0155  0.0000  0.0000  0.0000  0.0000  1
134:   0.0000  0.9246  0.0480  0.0000  0.0273  0.0000  0.0000  1
135:   0.0000  0.9218  0.0460  0.0000  0.0075  0.0024  0.0222  1
136:   0.0000  0.8210  0.0545  0.0003  0.0334  0.0079  0.0829  1
137:   0.0000  0.9641  0.0359  0.0000  0.0000  0.0000  0.0000  1
138:   0.0000  0.9599  0.0401  0.0000  0.0000  0.0000  0.0000  1
139:   0.0000  0.9592  0.0408  0.0000  0.0000  0.0000  0.0000  1
140:   0.0000  0.9882  0.0118  0.0000  0.0000  0.0000  0.0000  1
141:   0.0000  0.9819  0.0181  0.0000  0.0000  0.0000  0.0000  1
142:   0.0000  0.9757  0.0243  0.0000  0.0000  0.0000  0.0000  1
143:   0.0000  0.9905  0.0095  0.0000  0.0000  0.0000  0.0000  1
144:   0.0000  0.9846  0.0154  0.0000  0.0000  0.0000  0.0000  1
145:   0.0000  1.0000  0.0000  0.0000  0.0000  0.0000  0.0000  1
146:   0.0000  0.9852  0.0148  0.0000  0.0000  0.0000  0.0000  1
147:   0.0000  0.9909  0.0091  0.0000  0.0000  0.0000  0.0000  1
148:   0.0000  0.9854  0.0146  0.0000  0.0000  0.0000  0.0000  1
149:   0.0000  0.9838  0.0162  0.0000  0.0000  0.0000  0.0000  1
150:   0.0000  0.9868  0.0132  0.0000  0.0000  0.0000  0.0000  1
151:   0.0000  0.9866  0.0134  0.0000  0.0000  0.0000  0.0000  1
152:   0.0000  0.9860  0.0140  0.0000  0.0000  0.0000  0.0000  1
153:   0.0000  0.9879  0.0121  0.0000  0.0000  0.0000  0.0000  1
154:   0.0000  0.9872  0.0128  0.0000  0.0000  0.0000  0.0000  1
155:   0.0000  0.9873  0.0127  0.0000  0.0000  0.0000  0.0000  1
156:   0.0000  0.9877  0.0123  0.0000  0.0001  0.0000  0.0000  1
157:   0.0000  0.9843  0.0157  0.0000  0.0000  0.0000  0.0000  1
158:   0.0000  1.0000  0.0000  0.0000  0.0000  0.0000  0.0000  1
159:   0.0000  0.9827  0.0173  0.0000  0.0000  0.0000  0.0000  1
160:   0.0000  0.9871  0.0129  0.0000  0.0000  0.0000  0.0000  1
161:   0.0000  0.9890  0.0110  0.0000  0.0000  0.0000  0.0000  1
162:   0.0000  0.9825  0.0175  0.0000  0.0000  0.0000  0.0000  1
163:   0.0000  0.9833  0.0167  0.0000  0.0000  0.0000  0.0000  1
164:   0.0000  0.9850  0.0150  0.0000  0.0000  0.0000  0.0000  1
165:   0.0000  0.9861  0.0139  0.0000  0.0000  0.0000  0.0000  1
166:   0.0000  0.9807  0.0193  0.0000  0.0000  0.0000  0.0000  1
167:   0.0000  0.9900  0.0100  0.0000  0.0000  0.0000  0.0000  1
168:   0.0000  0.9874  0.0126  0.0000  0.0000  0.0000  0.0000  1
169:   0.0000  0.9825  0.0174  0.0000  0.0001  0.0000  0.0000  1
170:   0.0000  0.9875  0.0125  0.0000  0.0000  0.0000  0.0000  1
171:   0.0000  0.9578  0.0120  0.0000  0.0302  0.0000  0.0000  1
172:   0.0000  0.9879  0.0121  0.0000  0.0000  0.0000  0.0000  1
173:   0.0000  0.9832  0.0168  0.0000  0.0000  0.0000  0.0000  1
174:   0.0000  0.9833  0.0167  0.0000  0.0000  0.0000  0.0000  1
175:   0.0000  0.9844  0.0156  0.0000  0.0000  0.0000  0.0000  1
176:   0.0000  0.9873  0.0126  0.0000  0.0001  0.0000  0.0000  1
177:   0.0000  0.9879  0.0121  0.0000  0.0000  0.0000  0.0000  1
178:   0.0000  0.9830  0.0170  0.0000  0.0000  0.0000  0.0000  1
179:   0.0000  0.9860  0.0140  0.0000  0.0000  0.0000  0.0000  1
180:   0.0000  0.9856  0.0144  0.0000  0.0000  0.0000  0.0000  1
181:   0.0000  0.9797  0.0203  0.0000  0.0000  0.0000  0.0000  1
182:   0.0000  0.9924  0.0076  0.0000  0.0000  0.0000  0.0000  1
183:   0.0000  0.9874  0.0126  0.0000  0.0000  0.0000  0.0000  1
184:   0.0000  0.0000  0.0000  1.0000  0.0000  0.0000  0.0000  1
185:   0.0000  0.0000  0.0000  1.0000  0.0000  0.0000  0.0000  1
186:   0.0000  0.0000  0.0000  1.0000  0.0000  0.0000  0.0000  1
187:   0.0000  0.0000  0.0000  1.0000  0.0000  0.0000  0.0000  1
188:   0.0000  0.0000  0.0000  1.0000  0.0000  0.0000  0.0000  1
189:   0.0000  0.0000  0.0000  1.0000  0.0000  0.0000  0.0000  1
190:   0.0000  0.0000  0.0000  1.0000  0.0000  0.0000  0.0000  1
191:   0.0000  0.0000  0.0000  1.0000  0.0000  0.0000  0.0000  1
192:   0.0000  0.0000  0.0000  1.0000  0.0000  0.0000  0.0000  1
193:   0.0000  0.0000  0.0000  1.0000  0.0000  0.0000  0.0000  1
194:   0.0000  0.0000  0.0000  1.0000  0.0000  0.0000  0.0000  1
195:   0.0000  0.0000  0.0000  1.0000  0.0000  0.0000  0.0000  1
196:   0.0000  0.0000  0.0000  1.0000  0.0000  0.0000  0.0000  1
197:   0.0000  0.0000  0.0000  1.0000  0.0000  0.0000  0.0000  1
198:   0.0000  0.0000  0.0000  1.0000  0.0000  0.0000  0.0000  1
199:   0.0000  0.0000  0.0000  1.0000  0.0000  0.0000  0.0000  1
200:   0.0000  0.0000  0.0000  1.0000  0.0000  0.0000  0.0000  1
201:   0.0000  0.0000  0.0000  1.0000  0.0000  0.0000  0.0000  1
202:   0.0000  0.0000  0.0000  1.0000  0.0000  0.0000  0.0000  1
203:   0.2341  0.0000  0.6000  0.0000  0.0000  0.1659  0.0000  1
204:   0.2393  0.0000  0.6000  0.0000  0.0000  0.1607  0.0000  1
205:   0.2378  0.0000  0.6000  0.0000  0.0000  0.1622  0.0000  1
206:   0.2267  0.0000  0.6000  0.0000  0.0000  0.1733  0.0000  1
207:   0.0000  0.0000  0.0000  0.0000  1.0000  0.0000  0.0000  1
208:   0.0000  0.0000  0.0000  0.0000  1.0000  0.0000  0.0000  1
209:   0.0000  0.0000  0.0000  0.0000  1.0000  0.0000  0.0000  1
210:   0.0000  0.0000  0.0000  0.0000  1.0000  0.0000  0.0000  1
211:   0.0000  0.0000  0.0000  0.0000  1.0000  0.0000  0.0000  1
212:   0.0000  0.0000  0.0000  0.0000  1.0000  0.0000  0.0000  1
213:   0.0153  0.0000  0.0099  0.0000  0.9743  0.0002  0.0003  1
214:   0.0000  0.0000  0.0000  0.0000  1.0000  0.0000  0.0000  1
215:   0.0000  0.0000  0.0000  0.0000  1.0000  0.0000  0.0000  1
216:   0.0000  0.0001  0.0000  0.0000  0.9999  0.0000  0.0000  1
217:   0.0000  0.0000  0.0000  0.0000  1.0000  0.0000  0.0000  1
218:   0.0000  0.0000  0.0000  0.0000  1.0000  0.0000  0.0000  1
219:   0.0000  0.0000  0.0000  0.0000  1.0000  0.0000  0.0000  1
220:   0.0000  0.0000  0.0000  0.0000  1.0000  0.0000  0.0000  1
221:   0.0000  0.0000  0.0000  0.0000  1.0000  0.0000  0.0000  1
222:   0.0000  0.0000  0.0000  0.0000  1.0000  0.0000  0.0000  1
223:   0.0000  0.0000  0.0000  0.0000  1.0000  0.0000  0.0000  1
224:   0.0000  0.0000  0.0000  0.0000  1.0000  0.0000  0.0000  1
225:   0.0000  0.0000  0.0000  0.0000  1.0000  0.0000  0.0000  1
226:   0.0000  0.0000  0.0000  0.0000  1.0000  0.0000  0.0000  1
227:   0.0000  0.0000  0.0000  0.0000  1.0000  0.0000  0.0000  1
228:   0.0000  0.0000  0.0000  0.0000  1.0000  0.0000  0.0000  1
229:   0.0000  0.0000  0.0000  0.0000  1.0000  0.0000  0.0000  1
230:   0.0000  0.0000  0.0000  0.0000  1.0000  0.0000  0.0000  1
231:   0.0000  0.0000  0.0000  0.0000  1.0000  0.0000  0.0000  1
232:   0.0000  0.0000  0.0000  0.0000  1.0000  0.0000  0.0000  1
233:   0.0000  0.0000  0.0000  0.0000  1.0000  0.0000  0.0000  1
234:   0.0000  0.0000  0.0000  0.0000  1.0000  0.0000  0.0000  1
235:   0.0000  0.0000  0.0000  0.0000  1.0000  0.0000  0.0000  1
236:   0.0000  0.1535  0.0038  0.0000  0.8427  0.0000  0.0000  1
237:   0.0000  0.0000  0.0000  0.0000  1.0000  0.0000  0.0000  1
238:   0.0000  1.0000  0.0000  0.0000  0.0000  0.0000  0.0000  1
239:   0.0000  1.0000  0.0000  0.0000  0.0000  0.0000  0.0000  1
240:   0.0000  1.0000  0.0000  0.0000  0.0000  0.0000  0.0000  1
241:   0.0000  0.9931  0.0069  0.0000  0.0000  0.0000  0.0000  1
242:   0.0000  0.0000  0.0664  0.0000  0.0000  0.0000  0.9336  1
243:   0.0000  0.0000  0.1872  0.0000  0.0000  0.0000  0.8128  1
244:   0.0000  0.0000  0.1066  0.0000  0.0000  0.0000  0.8934  1
245:   0.0000  0.0000  0.1122  0.0000  0.0000  0.0000  0.8878  1
246:   0.0000  0.0000  0.0724  0.0000  0.0000  0.0000  0.9276  1
247:   0.0000  0.0000  0.0689  0.0000  0.0000  0.0000  0.9311  1
248:   0.0000  0.0000  0.2477  0.0000  0.0000  0.0000  0.7523  1
249:   0.0000  0.0000  0.0000  0.0000  0.0000  0.0000  1.0000  1
250:   0.0000  0.0000  0.0906  0.0000  0.0000  0.0000  0.9094  1
251:   0.0000  0.0000  0.0359  0.0000  0.0000  0.0000  0.9641  1
252:   0.0000  0.0000  0.3000  0.0000  0.0000  0.0000  0.7000  1
253:   0.0000  0.0000  0.0185  0.0000  0.0000  0.0000  0.9815  1
254:   0.0000  0.0000  0.0933  0.0000  0.0000  0.0000  0.9067  1
255:   0.0000  0.0000  0.2000  0.0000  0.0000  0.0000  0.8000  1
256:   0.0000  0.0000  0.0375  0.0000  0.0000  0.0000  0.9625  1
257:   0.0000  0.0000  0.0429  0.0000  0.0000  0.0000  0.9571  1
258:   0.0000  0.0000  0.1382  0.0000  0.0000  0.0000  0.8618  1
259:   0.0000  0.0000  0.0609  0.0000  0.0000  0.0000  0.9391  1
260:   0.0000  0.0000  0.0901  0.0000  0.0000  0.0000  0.9099  1
261:   0.0000  0.0000  0.0954  0.0000  0.0000  0.0000  0.9046  1
262:   0.0000  0.0000  0.0738  0.0000  0.0000  0.0000  0.9262  1
263:   0.0000  0.0000  0.0849  0.0000  0.0000  0.0000  0.9151  1
264:   0.0000  0.0000  0.2000  0.0000  0.0000  0.0000  0.8000  1
265:   0.0000  0.0000  0.0253  0.0000  0.0000  0.0000  0.9747  1
266:   0.0000  0.0000  0.0611  0.0000  0.0000  0.0000  0.9389  1
267:   0.0000  0.0000  0.0773  0.0000  0.0000  0.0000  0.9227  1
268:   0.0000  0.0000  0.0244  0.0000  0.0000  0.0000  0.9756  1
269:   0.0000  0.0000  0.0865  0.0000  0.0000  0.0000  0.9135  1
270:   0.0000  0.0000  0.0000  0.0000  0.0000  0.0000  1.0000  1
271:   0.0000  0.0000  0.0989  0.0000  0.0000  0.0000  0.9011  1
272:   0.0000  0.0000  0.2000  0.0000  0.0000  0.0000  0.8000  1
273:   0.0000  0.0000  0.1036  0.0000  0.0000  0.0000  0.8964  1
274:   0.0000  0.0000  0.0994  0.0000  0.0000  0.0000  0.9006  1
275:   0.0000  0.0000  0.0488  0.0000  0.0000  0.0000  0.9512  1
276:   0.0000  0.0000  0.1234  0.0000  0.0000  0.0000  0.8766  1
277:   0.0000  0.0000  0.0660  0.0000  0.0000  0.0000  0.9340  1
278:   0.0000  0.0000  0.0231  0.0000  0.0000  0.0000  0.9769  1
279:   0.0000  0.0000  0.0309  0.0000  0.0000  0.0000  0.9691  1
280:   0.0000  0.0000  0.0828  0.0000  0.0000  0.0000  0.9172  1
281:   0.0000  0.0000  0.1129  0.0000  0.0000  0.0000  0.8871  1
